153	0.33515619626403864:   435 438 294 285
167	0.06790373205080519:   469
2004	0.17759395590327995:   376
2009	0.012136653142897542:   265 438 504
2022	0.03663628973309325:   518
216	1.48221E-4:   143 2000
225	0.005874987606088624:   515
239	0.013360592801216271:   313
243	0.0308370237837996:   471
252	0.08550835843895518:   352 466 127 435
257	0.15249142119514503:   497 502 329
261	0.08704853198214949
266	0.005255051472657408:   504 251
270	0.03968305903069634:   243 239 392 274
275	0.030023538577935185:   271 372 241
284	0.14178777075580204:   302 445 369 238 504 439
289	0.09255359335875:   366 467
293	0.37973169166892223:   496 268 445 2002 504 439 471 373
298	1.2598785E-4
301	0.010062545430966494:   233 266 511 2000 229 151
306	2.11214925E-4:   355 403 291 351
310	1.48221E-4:   301
324	0.05055421614001852:   321
329	0.19941707451742913:   426
342	0.0048332021759050076:   264 531 356 301 2004
347	0.011761294103024823:   151 383
351	0.2767327299279132:   303
356	0.06849520399820175:   411 501 296
360	1.48221E-4:   525
365	0.010378727846041666
379	0.6987075476170326:   540 343 442 345 519
383	0.04607902489576511:   463 301 521 435 294
388	0.10604248116019635:   442 519 494
392	0.04703702207167091
397	1.48221E-4:   233 2010
400	1.48221E-4:   534 536 394 471
405	0.05567103282608131:   168 356 401 127 116
414	0.030944237343125:   233 538
428	0.20943724743066053:   433 358 325 319 308 151 284
432	0.1323313487789958:   352 497 531 335 536 229 491 293 161 394 361
437	1.48221E-4:   432
441	0.05846543121684336:   516 173
446	0.21849872625927722:   442 388 212 368 402
450	0.04690941702213805:   497 477 318
455	0.05536070139912435:   433
469	0.15850800354184313:   153
473	0.08000557199235989:   2004
478	0.014005205180067683:   352 212 465 525 505 2021 490
482	0.1406697232292891:   375 496 212 346 446 347 402 280 480 519 494
487	0.09793926961530819:   474 402 459 2000 151
491	0.15539695178863625:   168 300 325 402 428 293 361
496	0.12360712547954869:   504
504	0.40681420343514385:   2012 293 496 497 475 453 487 356 345 445 236 335 545 537
509	0.07061978499052322:   254 487 346 434 116 403 447 526 151
513	0.1416961798738027:   257 469 382
518	0.1802298768132818:   484 485 2022 281
527	0.3080973064843632:   498 466 433 546 491 493
531	0.07255559147611149:   264 257 502 470 461
536	0.37012524067644137:   352 167 511 546 2012
540	0.19668672556094555:   495 168 476 345 447 503 491 153
545	0.09908180073816322:   223 536 2012
