127	0.10729157928864912:   375 426 537 195 164
168	0.0985654062111749:   442 357 457 2012
195	0.17917897359569435:   147 337
2000	0.04139445669446148
2023	0.007862973567031249:   167 345
212	0.2141817781538021:   335 512 446 405 382 508
217	0.058606634761250005:   467 414
244	0.0029343828948044217:   497
249	0.3121293350558031:   412 127 523
258	1.48221E-4:   243
267	0.016489652217649198:   484
271	0.07523329285347817:   275 324 395
276	0.017265287180677776:   327
280	0.03773586104894281:   435 128
285	0.19978647986977063:   254 212 300 268 335 511 237 358 537 293 174 296
294	0.255643418140941:   369
302	0.025867687340751715:   412 229 307 151 295 361 263
307	0.16874496073834966:   311 432 268 312 356 389
311	0.128248839167168:   300 323 502 307
316	0.05107739987570119:   195
320	1.48221E-4:   280 383
325	0.07236801767657386:   497 116 238
334	0.1662357333422205:   496 497 267 345 537 2021 518 519 472
339	0.02605979402091799:   307 263
343	0.1314602225551143
348	0.04854638964752521
352	0.20877853526655893:   501 160 153
357	0.04323731168003718:   382
361	0.33306198394708525:   265 331 316 307 428 491
366	0.09238350976125001:   243 323 324
375	0.1418537075044751:   428 380 293
384	1.48221E-4:   399 467
389	0.025517863104588635
393	0.03374941583859109:   311 500 545
401	0.02366336090974827:   297 2009 431 432 455 128 491 150 361
406	0.029861716070208332
410	0.016735400173857693:   453 401 314 317 150 251
415	0.19383991759171776:   264 439
433	0.1396642424486656:   476 466 479 416 2010 483
438	0.12134202941068659:   511 403 284
442	0.35133062703075196:   444
447	0.03871170782355581:   497 499 479 457 449 527 529 494
460	1.48221E-4:   412
465	0.001970978490342495:   495 540 474 529
474	0.03122415721354343:   442 350
479	0.156075692071665:   434 505 529 470
483	0.12052758928865137:   445
488	0.21676499481783873:   463 212 336 3002 319
492	0.4099845230262518:   455 446 527 538 519 509 153
497	0.581029589043016:   488 379 281
500	0.025032211525882943:   505
505	0.09838444386008204:   352 332 367 525 448 537 391
514	0.020603805885860298
519	0.3279876630320421:   497 379 2004 402 503 536 526 528 153 340
523	0.05390498758157407:   525 519 362
528	0.0372269558726558:   268 511 518 285 153
532	0.086167046816295:   497 453 224 392
537	0.2687513021048172:   498 335 527
546	0.14745341515904176:   498 329
