147	0.2055164976866407:   79
151	0.08648048290926753:   410 257 357 128 229 438 293
160	0.08637056604183718:   352 430 305 537 505 528
174	0.038455146895098616:   475 446 527 285
2002	0.04159729637424881:   532
223	0.044224720884568684:   382
228	0.0033386397603822784:   168 349
237	0.08834068575670412:   312 345 335 537 382 394 284
241	0.014156024432129632
250	0.1947709308464665:   300 229 293
264	0.2640265082908593:   415 195
278	1.48221E-4:   293
282	1.2598785E-4
291	0.1593055371686192:   412 259 296
296	0.23218707749745518:   331 326 537 428 271
304	0.008231691371125:   224
309	0.030003101766875:   224 334
313	0.03517636070554166:   217 391
318	0.014005446719201628:   495 477 513 450
322	1.48221E-4:   233
327	0.04602443251395833:   146 435 316 2010 152
331	0.2326248263947159:   361
336	0.05568279214950002:   312
340	0.04831483476402891:   463 458
345	0.2731006660697524:   323 128 504 293
354	0.08797146921851871
359	1.48221E-4:   236
363	0.03718103496177307:   304 327 351 263
368	0.06381131833975832:   379 150
372	0.014156024432129632
377	0.03901422940333653:   368 459
386	1.48221E-4:   229 340
390	1.48221E-4:   294
395	0.030023538577935185:   527 271
403	0.06110963898637052:   487 2012
408	2.11214925E-4:   394
412	0.11862606351224704:   354 351
417	0.12095589681460626
426	0.20425355107012655:   363 427 329 470 350
430	0.010781797389545657:   399
435	0.22621770401170296:   540 446 537 505 2021 383 252 483
444	0.30904711077970826:   497 489 517 519
449	0.006704620567137086:   453 388 168 477 479 228 294 493
453	0.14251841818241348:   466 446 470 509
458	0.14052184500821238:   470
462	0.05374702393303221:   463 521 335 303 404 503 284
467	0.12324252002937501:   289
471	0.07263058983487382:   379
476	0.1532083888131765:   442 379 527
480	0.011761294103024823:   499 478
485	0.040664011644593115:   294
494	0.15861355513116035:   477 268 521 466 457 479 504
499	0.052661379239002166:   435 513 3002
502	0.1640537117572216:   352 531 345 369 127 504 229 263 340
507	1.48221E-4:   354 510 466 379 335 519
511	0.14596465094491723:   475 300 476 335 536 504 439 285 461
516	0.02813316025679563
520	0.014264571053385418:   441 151
525	0.08122062108212484:   422
534	3.14969625E-5
539	6.2993925E-5
82	0.02884595591572241:   305
