128	0.11412648883925663:   462 265 475 321 229 405 439
137	0.02833537559339106
146	0.07313621855994835:   276 79 257 328 284
150	0.042986678215113955:   254 265 321 466 225 426 293 174 461 340
164	0.04966033696886085:   435 250
173	0.13454311216706016:   513
2006	0.10604807358194446:   459 296
2010	0.028640224164239045:   382
218	1.48221E-4:   298 312
236	0.18166010753466713:   473 545 525 504
245	1.48221E-4:   239 306
254	0.0792674843210072:   473 432 312 2004 494 483
259	0.03474281383735119:   296
263	0.15573527816079366:   376 339 280 307 82
268	0.11343390217766788:   291
281	0.24215280229300912:   492
290	1.48221E-4:   461
295	0.038913858925426884:   311
303	0.32386786732166517
308	0.026146693253547588:   147
312	0.09891060835280997:   375 532 393 295
317	0.005328933317164588:   428 284
321	0.09227030827383281:   497 501
326	0.039843231773154096:   294 382
330	1.48221E-4:   304 417
335	0.33085209945332544:   212 476 382 361
344	1.48221E-4:   298 539
349	0.00885404084203125:   440 531 401 251 509
353	0.029861716070208332
358	0.18933291808272473:   335 116 435 380 529 491 293 284 164
362	0.027965688078107637:   497
367	0.018860779403291963:   492
376	0.1398842938389928:   264 415 263
380	0.09971403927457483:   496 358
385	1.48221E-4:   495 479 525 305
394	0.023909514396705116:   297 521 411 137 445 337 174
399	0.007178662164861111:   365 513
402	0.13011778400065682:   434 546 482
407	1.48221E-4:   72
411	0.038448296506940205:   432 285 263
416	0.048401385092205956:   2009 323 379 335 412 83 274
420	1.48221E-4:   431 274
434	0.08151843689560748:   168 116 428
439	0.2280562933802967:   455 502 415 416 504 293 450
448	0.018712558403291963
457	0.16115475982684802:   441 422 446
461	0.0806105825202886:   487 412 2012 438 285
466	0.16544162559409042:   254 442 527 494
470	0.27125422193785936:   334 237 458 459 482
475	0.14128393023383506:   236
484	0.0779042816587877:   526
489	0.06835105488986334:   494
493	0.054589307832720965
498	0.2193695099758941:   536 261
501	0.16774876754766663
510	0.02809204925114799
515	0.05396089439181488:   540 486 468 519
524	0.004584673874660218
529	0.15172900714852355:   352 515 294 483
533	0.1834848297715829:   497
538	0.039263980268316824:   529
72	2.7420885000000003E-4:   375 212 379 511 459 514
