116	0.14333518861230493:   462 476 533 137 435 358 382 482 461
143	1.88981775E-4
152	0.035174258442115025
157	1.48221E-4:   143
161	0.03789233575260314:   300 335 382
2008	1.48221E-4:   224 327 427
2012	0.21517408088931186:   331 379
2017	0.0207131806321103:   453 236
2021	0.05406879527782133:   334
224	0.06087466765945387:   300 312 329 309 351
229	0.27121970401979567:   459 404
233	0.020886924590782407:   353 406
238	0.04768119841898969:   212 247 518 293 164
247	0.010572263119260582:   462 312 346 526
251	0.021301653752122923:   488 401 128 263
265	0.07960100937055022:   432 377
274	0.0165684651182732
279	1.48221E-4:   412 408
297	0.02700079404066997:   354 487 432 510 379 461
300	0.19517711091295284:   473 375 463 432 325 503 161 285
3002	0.07425048989512811:   146 404 152
305	0.08108420613729218:   2006
314	0.005328933317164588:   449
319	0.08168126440304761:   264
323	0.13786317138324178:   531 369 270
328	0.017265287180677776:   146
332	0.018860779403291963:   537 307
337	0.13233089063157805:   351
341	1.48221E-4:   295
346	0.02454712868859934:   168 116 382
350	0.05234830461864113:   331 482 285
355	1.931041715625E-4:   257 236
364	0.0031172405045000002
369	0.32883990388364415:   533 250 382
373	0.04159729637424881:   396
382	0.6262504458986877:   375 79 453 388 147 358 404 537 492
387	1.48221E-4:   264 195
391	0.07717097216454197
396	0.0494486114732039:   364 354 530 532 239
404	0.238989910620765:   497 417
422	0.20543075962602933:   479 457 173
427	0.037074809911773074
431	0.005578092246340609
440	0.00171944003725:   477 529
445	0.2643351975653203:   335 116 358 293 252
454	1.48221E-4:   527 528
459	0.36692815757624786:   536 229
463	0.1340349525950429
468	0.026904060952231:   520 305 362 450
472	0.011904978342988978:   476 466 519 461
477	0.050758166010416425:   352 2017 510 514 536
481	1.48221E-4:   282
486	0.022319387077570783:   458
490	0.006555652365002713:   462 485 457 512 525 508 284
495	0.02992100129274518:   267 468 524 490 529 493
503	0.07959168330478551:   518
508	0.03627803725705922:   499
512	0.04460827091085165:   463 342 475 212 388 488 521 489 494
517	0.06366607371395834:   297 2023 2000 461
521	0.05687546413311416:   392 294 382 462 463 499 478 2004 512 127 447 458 529
526	0.15080093119542076:   475 345 348 527
530	0.0031172405045000002
79	0.30363728752423674:   249
83	0.006621554821556932:   244 82
