116	0.12965655071401067:    462 476 533 137 435 358 382 482 461
143	1.88981775E-4
152	0.028861792330992547
157	1.48221E-4:    143
161	0.03111139325833273:    300 335 382
2008	1.48221E-4:    224 327 427
2012	0.17646266698833002:    331 379
2017	0.008777109221770793:    453 236
2021	0.04158452559114391:    334
224	0.03824897031484081:    300 312 329 309 351
229	0.2659863664452325:    459 404
233	0.014914030915215044:    353 406
238	0.04073909353210121:    212 247 518 293 164
247	0.008254024731228249:    462 312 346 526
251	0.006257653176987885:    488 401 128 263
265	0.06828280459985246:    432 377
274	0.014372955015933695
279	1.48221E-4:    412 408
297	0.01881543281576847:    354 487 432 510 379 461
300	0.15047777424604414:    473 375 463 432 325 503 161 285
3002	0.05191899423674986:    146 404 152
305	0.04265172363247341:    2006
314	0.002519069357963173:    449
319	0.062429935878469935:    264
323	0.1174876296754438:    531 369 270
328	0.01258137815519122:    146
332	0.012094903468724246:    537 307
337	0.07920258295491285:    351
341	1.48221E-4:    295
346	0.01993440643168584:    168 116 382
350	0.048141591497677466:    331 482 285
355	1.931041715625E-4:    257 236
364	0.008406263950444663
369	0.29208692083475013:    533 250 382
373	0.04049471323982298:    396
382	0.39540981696046384:    375 79 453 388 147 358 404 537 492
387	1.48221E-4:    264 195
391	0.02689663576857945
396	0.035505922918111485:    364 354 530 532 239
404	0.2021265337927453:    497 417
422	0.1148462642040797:    479 457 173
427	0.03476509963192151
431	0.002297866899809559
440	0.0016534079431453127:    477 529
445	0.19063249694898224:    335 116 358 293 252
454	1.48221E-4:    527 528
459	0.23986981379494607:    536 229
463	0.10041306420621934
468	0.015853719574732895:    520 305 362 450
472	0.015848262482320824:    476 466 519 461
477	0.037118725277309444:    352 2017 510 514 536
481	1.48221E-4:    282
486	0.011614911058260662:    458
490	0.006087661574051881:    462 485 457 512 525 508 284
495	0.024472672910378586:    267 468 524 490 529 493
503	0.07618912931780061:    518
508	0.031286683073253246:    499
512	0.0350054634204184:    463 342 475 212 388 488 521 489 494
517	0.065820732040688:    297 2023 2000 461
521	0.04088459851633459:    392 294 382 462 463 499 478 2004 512 127 447 458 529
526	0.10316206404075207:    475 345 348 527
530	0.008406263950444663
79	0.246416276634823:    249
83	0.006025532046910723:    244 82
