147	0.15766984948967272:    79
151	0.06452680523506552:    410 257 357 128 229 438 293
160	0.05930213932552503:    352 430 305 537 505 528
174	0.020856929149136203:    475 446 527 285
2002	0.04049471323982298:    532
223	0.028221397875812914:    382
228	8.605869352583154E-4:    168 349
237	0.06041298105354485:    312 345 335 537 382 394 284
241	0.008506669263748302
250	0.1144251703121317:    300 229 293
264	0.20481223281929462:    415 195
278	1.48221E-4:    293
282	1.2598785E-4
291	0.0966119210225802:    412 259 296
296	0.15344512968878293:    331 326 537 428 271
304	0.008112184854376777:    224
309	0.010496914502107157:    224 334
313	0.01150472488103383:    217 391
318	0.013439222489605782:    495 477 513 450
322	1.48221E-4:    233
327	0.022766680982952887:    146 435 316 2010 152
331	0.19308480925364363:    361
336	0.03699827011903258:    312
340	0.04723799559696808:    463 458
345	0.24183395052948967:    323 128 504 293
354	0.06266845140724457
359	1.48221E-4:    236
363	0.03487132468192151:    304 327 351 263
368	0.05387405196049515:    379 150
372	0.008506669263748302
377	0.03397864998248384:    368 459
386	1.48221E-4:    229 340
390	1.48221E-4:    294
395	0.021464320641818815:    527 271
403	0.04124299219813978:    487 2012
408	2.11214925E-4:    394
412	0.15663260296722786:    354 351
417	0.10163370593882512
426	0.1915461704671698:    363 427 329 470 350
430	0.012384051189260269:    399
435	0.18867978943052027:    540 446 537 505 2021 383 252 483
444	0.2987792539761392:    497 489 517 519
449	0.008790933275842704:    453 388 168 477 479 228 294 493
453	0.1141903437363091:    466 446 470 509
458	0.0894855028672487:    470
462	0.03430507952121118:    463 521 335 303 404 503 284
467	0.06445431187600001:    289
471	0.06673768041855264:    379
476	0.14099059492764365:    442 379 527
480	0.011018154158626886:    499 478
485	0.03924311332428699:    294
494	0.15387394851467537:    477 268 521 466 457 479 504
499	0.04381500196570385:    435 513 3002
502	0.11063400245638452:    352 531 345 369 127 504 229 263 340
507	1.48221E-4:    354 510 466 379 335 519
511	0.11939425192695338:    475 300 476 335 536 504 439 285 461
516	0.024847808267158426
520	0.005865333952349087:    441 151
525	0.06862491650616459:    422
534	3.14969625E-5
539	6.2993925E-5
82	0.02943737908649662:    305
