127	0.13543220969431433:    375 426 537 195 164
168	0.08156308911361236:    442 357 457 2012
195	0.17407783932203152:    147 337
2000	0.03166723769320546
2023	0.013677261664216147:    167 345
212	0.18352888560603753:    335 512 446 405 382 508
217	0.015098174299855204:    467 414
244	0.002962381799161696:    497
249	0.2582399153956012:    412 127 523
258	1.48221E-4:    243
267	0.020087070998793057:    484
271	0.06088669733393813:    275 324 395
276	0.01258137815519122:    327
280	0.03755614537096181:    435 128
285	0.15982183500188646:    254 212 300 268 335 511 237 358 537 293 174 296
294	0.16749967849136765:    369
302	0.020234821857071955:    412 229 307 151 295 361 263
307	0.12329219769476617:    311 432 268 312 356 389
311	0.06669287167881319:    300 323 502 307
316	0.05515615558654332:    195
320	1.48221E-4:    280 383
325	0.06518708465398727:    497 116 238
334	0.1049712329665061:    496 497 267 345 537 2021 518 519 472
339	0.026623218287334924:    307 263
343	0.11878028309489555
348	0.03204519787902691
352	0.17371405092946055:    501 160 153
357	0.03159457131600001:    382
361	0.30265657794797834:    265 331 316 307 428 491
366	0.03948349817746875:    243 323 324
375	0.1301985166469078:    428 380 293
384	1.48221E-4:    399 467
389	0.023905536104599532
393	0.02116672527497212:    311 500 545
401	0.01801493330386843:    297 2009 431 432 455 128 491 150 361
406	0.008876942951082522
410	0.010649422496125343:    453 401 314 317 150 251
415	0.17968592018846108:    264 439
433	0.11628360136731117:    476 466 479 416 2010 483
438	0.09901263162117026:    511 403 284
442	0.29889946179246984:    444
447	0.031434612298231704:    497 499 479 457 449 527 529 494
460	1.48221E-4:    412
465	0.0018488530575796471:    495 540 474 529
474	0.017216729763800172:    442 350
479	0.10225656983706413:    434 505 529 470
483	0.08744159402934168:    445
488	0.17351287601498333:    463 212 336 3002 319
492	0.28115564088784306:    455 446 527 538 519 509 153
497	0.5667623137888878:    488 379 281
500	0.00971055548760081:    505
505	0.09256377866031268:    352 332 367 525 448 537 391
514	0.008667734475520793
519	0.320290770123414:    497 379 2004 402 503 536 526 528 153 340
523	0.08858486593247755:    525 519 362
528	0.040325996471983844:    268 511 518 285 153
532	0.06493069114352827:    497 453 224 392
537	0.23851754391212932:    498 335 527
546	0.1435833358004659:    498 329
