153	0.29892327572191923:    435 438 294 285
167	0.06641127568098332:    469
2004	0.11180189354710784:    376
2009	0.008260405021720282:    265 438 504
2022	0.03844706982282237:    518
216	1.48221E-4:    143 2000
225	0.003802088648284686:    515
239	0.017050128919467635:    313
243	0.034882186659710476:    471
252	0.06912083563734789:    352 466 127 435
257	0.07564635043941366:    497 502 329
261	0.093232041739755
266	0.0015737482693869201:    504 251
270	0.0392094528919185:    243 239 392 274
275	0.021464320641818815:    271 372 241
284	0.11058907561080006:    302 445 369 238 504 439
289	0.10490436302496876:    366 467
293	0.3344031400794781:    496 268 445 2002 504 439 471 373
298	1.2598785E-4
301	0.00892928745218392:    233 266 511 2000 229 151
306	2.11214925E-4:    355 403 291 351
310	1.48221E-4:    301
324	0.04763964840750631:    321
329	0.15109362229857914:    426
342	0.004361224363802655:    264 531 356 301 2004
347	0.011018154158626886:    151 383
351	0.18134010163259276:    303
356	0.059038910834928085:    411 501 296
360	1.48221E-4:    525
365	0.003050931420065972
379	0.426128329880398:    540 343 442 345 519
383	0.029245395970028988:    463 301 521 435 294
388	0.10136424920912529:    442 519 494
392	0.030461927839650814
397	1.48221E-4:    233 2010
400	1.48221E-4:    534 536 394 471
405	0.044348856073698366:    168 356 401 127 116
414	0.02505604077353125:    233 538
428	0.17122700600027146:    433 358 325 319 308 151 284
432	0.10693097172459816:    352 497 531 335 536 229 491 293 161 394 361
437	1.48221E-4:    432
441	0.0518711789819624:    516 173
446	0.19929743658380586:    442 388 212 368 402
450	0.03653404129064403:    497 477 318
455	0.07985947882417616:    433
469	0.0980136442074285:    153
473	0.07071812216442735:    2004
478	0.008865551340950706:    352 212 465 525 505 2021 490
482	0.11149737609606598:    375 496 212 346 446 347 402 280 480 519 494
487	0.0750178092269584:    474 402 459 2000 151
491	0.1422190045306485:    168 300 325 402 428 293 361
496	0.13414258835245585:    504
504	0.3441884297640457:    2012 293 496 497 475 453 487 356 345 445 236 335 545 537
509	0.08172240674581019:    254 487 346 434 116 403 447 526 151
513	0.13545767930761474:    257 469 382
518	0.1290764257940975:    484 485 2022 281
527	0.261796680508855:    498 466 433 546 491 493
531	0.06725585009475898:    264 257 502 470 461
536	0.3379483977183191:    352 167 511 546 2012
540	0.1548496581335974:    495 168 476 345 447 503 491 153
545	0.07301276211870845:    223 536 2012
