128	0.0914825293788841:    462 265 475 321 229 405 439
137	0.016440510434571565
146	0.04368550743456865:    276 79 257 328 284
150	0.031873752627170016:    254 265 321 466 225 426 293 174 461 340
164	0.04437503547366705:    435 250
173	0.08320141116120006:    513
2006	0.06906979621669836:    459 296
2010	0.027821136132600545:    382
218	1.48221E-4:    298 312
236	0.15395015437031162:    473 545 525 504
245	1.48221E-4:    239 306
254	0.05977962277135373:    473 432 312 2004 494 483
259	0.04528478986444211:    296
263	0.0928138100611823:    376 339 280 307 82
268	0.10414059157566652:    291
281	0.2030721200516769:    492
290	1.48221E-4:    461
295	0.02443378944492054:    311
303	0.24174924477345155
308	0.02557988675943735:    147
312	0.10599906732089087:    375 532 393 295
317	0.002519069357963173:    428 284
321	0.06063138886921016:    497 501
326	0.03962002417456737:    294 382
330	1.48221E-4:    304 417
335	0.266205376802908:    212 476 382 361
344	1.48221E-4:    298 539
349	0.0015671428981624683:    440 531 401 251 509
353	0.008876942951082522
358	0.19972996706516083:    335 116 435 380 529 491 293 284 164
362	0.021138413767128408:    497
367	0.012094903468724246:    492
376	0.17757808080512288:    264 415 263
380	0.05822154705630306:    496 358
385	1.48221E-4:    495 479 525 305
394	0.021311938143038424:    297 521 411 137 445 337 174
399	0.009375742706113807:    365 513
402	0.11156119467507866:    434 546 482
407	1.48221E-4:    72
411	0.022458493642899927:    432 285 263
416	0.04762653859069223:    2009 323 379 335 412 83 274
420	1.48221E-4:    431 274
434	0.07685065739229766:    168 116 428
439	0.1706070459423047:    455 502 415 416 504 293 450
448	0.011946682468724245
457	0.10346813158041748:    441 422 446
461	0.06346925072526861:    487 412 2012 438 285
466	0.13750168806084018:    254 442 527 494
470	0.23010059191883267:    334 237 458 459 482
475	0.09692134160695859:    236
484	0.05246327420782419:    526
489	0.07003373540449066:    494
493	0.04859829287034867
498	0.1826092431242424:    536 261
501	0.11777577380806113
510	0.012474998685865704
515	0.037384374484236586:    540 486 468 519
524	0.004238808516472234
529	0.09779043382158578:    352 515 294 483
533	0.10685673935819465:    497
538	0.06308335680973012:    529
72	2.7420885000000003E-4:    375 212 379 511 459 514
