128	0.2133228241746032: 462 265 475 321 229 405 439
137	0.04317460317460318
146	0.2608148876666667: 276 79 257 328 284
150	0.13237044322222224: 254 265 321 466 225 426 293 174 461 340
164	0.0870371098888889: 435 250
173	0.14181488766666667: 513
2006	0.17014822100000002: 459 296
2010	0.14748155433333335: 382
218	1.48221E-4: 298 312
236	0.5222910781428571: 473 545 525 504
245	1.48221E-4: 239 306
254	0.09270377655555555: 473 432 312 2004 494 483
259	0.05681488766666667: 296
263	0.32665615750793653: 376 339 280 307 82
268	0.1221839352857143: 291
281	0.09931488766666668: 492
290	1.48221E-4: 461
295	0.2369339352857143: 311
303	0.1942857142857143
308	0.02443393528571429: 147
312	0.412600601952381: 375 532 393 295
317	0.028481554333333336: 428 284
321	0.2114339352857143: 497 501
326	0.034148221: 294 382
330	1.48221E-4: 304 417
335	0.35654721089898994: 212 476 382 361
344	1.48221E-4: 298 539
349	0.08514822100000001: 440 531 401 251 509
353	0.085
358	0.19537837973015876: 335 116 435 380 529 491 293 284 164
362	0.09931488766666668: 497
367	0.02443393528571429: 492
376	0.20414822100000002: 264 415 263
380	0.07570377655555556: 496 358
385	1.48221E-4: 495 479 525 305
394	0.25238848074025977: 297 521 411 137 445 337 174
399	0.255148221: 365 513
402	0.12488848074025975: 434 546 482
407	1.48221E-4: 72
411	0.08110060195238096: 432 285 263
416	0.052767268619047625: 2009 323 379 335 412 83 274
420	1.48221E-4: 431 274
434	0.11820377655555556: 168 116 428
439	0.17790615750793654: 455 502 415 416 504 293 450
448	0.02428571428571429
457	0.16913631623809525: 441 422 446
461	0.3722593321111111: 487 412 2012 438 285
466	0.2539339352857143: 254 442 527 494
470	0.323148221: 334 237 458 459 482
475	0.15935457020634924: 236
484	0.21264822100000003: 526
489	0.06153710988888889: 494
493	0.07791666666666668
498	0.170148221: 536 261
501	0.19833333333333336
510	0.09066666666666667
515	0.21264822100000003: 540 486 468 519
524	0.028333333333333335
529	0.42169736629914534: 352 515 294 483
533	0.07570377655555556: 497
538	0.1094339352857143: 529
72	0.17014822100000002: 375 212 379 511 459 514
