127	0.16528069963247863: 375 426 537 195 164
168	0.2992672686190476: 442 357 457 2012
195	0.37414822100000006: 147 337
2000	0.18983333333333335
2023	0.042648221: 167 345
212	0.24577736962914862: 335 512 446 405 382 508
217	0.08514822100000001: 467 414
244	0.08514822100000001: 497
249	0.17014822100000002: 412 127 523
258	1.48221E-4: 243
267	0.047370443222222225: 484
271	0.1758148876666667: 275 324 395
276	0.034148221: 327
280	0.13460276645454547: 435 128
285	0.3066204432222222: 254 212 300 268 335 511 237 358 537 293 174 296
294	0.5784751440769231: 369
302	0.028481554333333336: 412 229 307 151 295 361 263
307	0.2992672686190476: 311 432 268 312 356 389
311	0.255148221: 300 323 502 307
316	0.06248155433333334: 195
320	1.48221E-4: 280 383
325	0.06996964957142858: 497 116 238
334	0.28914822100000004: 496 497 267 345 537 2021 518 519 472
339	0.034148221: 307 263
343	0.034
348	0.0425
352	0.2643964172481963: 501 160 153
357	0.06693393528571429: 382
361	0.29556308391486297: 265 331 316 307 428 491
366	0.08514822100000001: 243 323 324
375	0.1605749886767677: 428 380 293
384	1.48221E-4: 399 467
389	0.028333333333333335
393	0.042648221: 311 500 545
401	0.13898155433333334: 297 2009 431 432 455 128 491 150 361
406	0.085
410	0.02443393528571429: 453 401 314 317 150 251
415	0.16610060195238097: 264 439
433	0.22276726861904764: 476 466 479 416 2010 483
438	0.157600601952381: 511 403 284
442	0.3514815543333334: 444
447	0.05336403296581197: 497 499 479 457 449 527 529 494
460	1.48221E-4: 412
465	0.02443393528571429: 495 540 474 529
474	0.076648221: 442 350
479	0.19443393528571432: 434 505 529 470
483	0.12056488766666668: 445
488	0.11820377655555556: 463 212 336 3002 319
492	0.35903710988888893: 455 446 527 538 519 509 153
497	1.0198845124862916: 488 379 281
500	0.05681488766666667: 505
505	0.2865172686190477: 352 332 367 525 448 537 391
514	0.06233333333333334
519	0.36194403629581534: 497 379 2004 402 503 536 526 528 153 340
523	0.05681488766666667: 525 519 362
528	0.13048155433333336: 268 511 518 285 153
532	0.24664822100000003: 497 453 224 392
537	0.3153902844920635: 498 335 527
546	0.11914822100000001: 498 329
