116	0.2759259987777778: 462 476 533 137 435 358 382 482 461
143	0.255
152	0.09066666666666667
157	1.48221E-4: 143
161	0.03685276645454546: 300 335 382
2008	1.48221E-4: 224 327 427
2012	0.26445774480952383: 331 379
2017	0.034148221: 453 236
2021	0.06457282417460318: 334
224	0.35431488766666663: 300 312 329 309 351
229	0.36234879820057725: 459 404
233	0.3684815543333334: 353 406
238	0.08514822100000001: 212 247 518 293 164
247	0.034148221: 462 312 346 526
251	0.14748155433333335: 488 401 128 263
265	0.12643393528571428: 432 377
274	0.1517857142857143
279	1.48221E-4: 412 408
297	0.08582282417460317: 354 487 432 510 379 461
300	0.24732282417460322: 473 375 463 432 325 503 161 285
3002	0.09081488766666668: 146 404 152
305	0.28348155433333333: 2006
314	0.028481554333333336: 449
319	0.058433935285714285: 264
323	0.166100601952381: 531 369 270
328	0.034148221: 146
332	0.02443393528571429: 537 307
337	0.1094339352857143: 351
341	1.48221E-4: 295
346	0.07699165534343434: 168 116 382
350	0.11914822100000001: 331 482 285
355	0.042648221: 257 236
364	0.034
369	0.2740371098888889: 533 250 382
373	0.021398221000000002: 396
382	0.9488997472515263: 375 79 453 388 147 358 404 537 492
387	1.48221E-4: 264 195
391	0.10928571428571429
396	0.17014822100000002: 364 354 530 532 239
404	0.18498949084126987: 497 417
422	0.2268148876666667: 479 457 173
427	0.09066666666666667
431	0.10388888888888889
440	0.034148221: 477 529
445	0.2561601257619048: 335 116 358 293 252
454	1.48221E-4: 527 528
459	0.3514815543333334: 536 229
463	0.23050152625152626
468	0.07098155433333334: 520 305 362 450
472	0.01903710988888889: 476 466 519 461
477	0.22985060195238097: 352 2017 510 514 536
481	1.48221E-4: 282
486	0.042648221: 458
490	0.052767268619047625: 462 485 457 512 525 508 284
495	0.14889822100000003: 267 468 524 490 529 493
503	0.0839339352857143: 518
508	0.052767268619047625: 499
512	0.0658441916959707: 463 342 475 212 388 488 521 489 494
517	0.042648221: 297 2023 2000 461
521	0.12589425274603178: 392 294 382 462 463 499 478 2004 512 127 447 458 529
526	0.24853710988888894: 475 345 348 527
530	0.034
79	0.2230371098888889: 249
83	0.02443393528571429: 244 82
