153	0.32335060195238097: 435 438 294 285
167	0.119148221: 469
2004	0.26255847741025645: 376
2009	0.043322824174603175: 265 438 504
2022	0.042648221: 518
216	1.48221E-4: 143 2000
225	0.017148221: 515
239	0.161648221: 313
243	0.26931488766666667: 471
252	0.055398221: 352 466 127 435
257	0.23410060195238097: 497 502 329
261	0.085
266	0.028481554333333336: 504 251
270	0.05681488766666667: 243 239 392 274
275	0.05681488766666667: 271 372 241
284	0.29184663369841274: 302 445 369 238 504 439
289	0.17014822100000002: 366 467
293	0.5444916553434344: 496 268 445 2002 504 439 471 373
298	0.17
301	0.23814822100000002: 233 266 511 2000 229 151
306	0.08514822100000001: 355 403 291 351
310	1.48221E-4: 301
324	0.11348155433333335: 321
329	0.20981488766666667: 426
342	0.01903710988888889: 264 531 356 301 2004
347	0.015602766454545456: 151 383
351	0.374148221: 303
356	0.1086244114761905: 411 501 296
360	1.48221E-4: 525
365	0.085
379	0.5797672686190476: 540 343 442 345 519
383	0.19139822100000004: 463 301 521 435 294
388	0.09317599877777777: 442 519 494
392	0.09807692307692309
397	1.48221E-4: 233 2010
400	1.48221E-4: 534 536 394 471
405	0.052767268619047625: 168 356 401 127 116
414	0.08514822100000001: 233 538
428	0.28510060195238096: 433 358 325 319 308 151 284
432	0.43695377655555556: 352 497 531 335 536 229 491 293 161 394 361
437	1.48221E-4: 432
441	0.14181488766666667: 516 173
446	0.23113848074025975: 442 388 212 368 402
450	0.1094339352857143: 497 477 318
455	0.06760853846031747: 433
469	0.2268148876666667: 153
473	0.09223155433333334: 2004
478	0.09822514407692308: 352 212 465 525 505 2021 490
482	0.16637044322222222: 375 496 212 346 446 347 402 280 480 519 494
487	0.17851330036507937: 474 402 459 2000 151
491	0.13129721089898988: 168 300 325 402 428 293 361
496	0.15288451248629148: 504
504	0.5327474273492063: 2012 293 496 497 475 453 487 356 345 445 236 335 545 537
509	0.10093393528571429: 254 487 346 434 116 403 447 526 151
513	0.3543148876666667: 257 469 382
518	0.4270371098888889: 484 485 2022 281
527	0.4565172686190477: 498 466 433 546 491 493
531	0.15915832201010102: 264 257 502 470 461
536	0.35465832201010106: 352 167 511 546 2012
540	0.14039822100000002: 495 168 476 345 447 503 491 153
545	0.11145774480952382: 223 536 2012
