147	0.2740371098888889: 79
151	0.29994187179365084: 410 257 357 128 229 438 293
160	0.05681488766666667: 352 430 305 537 505 528
174	0.05560060195238095: 475 446 527 285
2002	0.021398221000000002: 532
223	0.05681488766666667: 382
228	0.021398221000000002: 168 349
237	0.04831488766666667: 312 345 335 537 382 394 284
241	0.05666666666666667
250	0.14181488766666667: 300 229 293
264	0.46481488766666673: 415 195
278	1.48221E-4: 293
282	0.17
291	0.21264822100000003: 412 259 296
296	0.38264822099999996: 331 326 537 428 271
304	0.127648221: 224
309	0.034148221: 224 334
313	0.17014822100000002: 217 391
318	0.05681488766666667: 495 477 513 450
322	1.48221E-4: 233
327	0.26931488766666667: 146 435 316 2010 152
331	0.204148221: 361
336	0.034148221: 312
340	0.1380371098888889: 463 458
345	0.25710457020634925: 323 128 504 293
354	0.1756666666666667
359	1.48221E-4: 236
363	0.034148221: 304 327 351 263
368	0.11914822100000001: 379 150
372	0.05666666666666667
377	0.08514822100000001: 368 459
386	1.48221E-4: 229 340
390	1.48221E-4: 294
395	0.05681488766666667: 527 271
403	0.11820377655555556: 487 2012
408	0.08514822100000001: 394
412	0.4510529829047619: 354 351
417	0.17
426	0.221148221: 363 427 329 470 350
430	0.028481554333333336: 399
435	0.4175926654444445: 540 446 537 505 2021 383 252 483
444	0.17014822100000002: 497 489 517 519
449	0.191398221: 453 388 168 477 479 228 294 493
453	0.20826330036507937: 466 446 470 509
458	0.30222514407692314: 470
462	0.12318546153724055: 463 521 335 303 404 503 284
467	0.255148221: 289
471	0.23389822100000002: 379
476	0.17250933211111114: 442 379 527
480	0.015602766454545456: 499 478
485	0.06693393528571429: 294
494	0.3532416553434344: 477 268 521 466 457 479 504
499	0.2894751440769231: 435 513 3002
502	0.15760060195238096: 352 531 345 369 127 504 229 263 340
507	1.48221E-4: 354 510 466 379 335 519
511	0.195648221: 475 300 476 335 536 504 439 285 461
516	0.085
520	0.042648221: 441 151
525	0.38467203052380955: 422
534	0.0425
539	0.085
82	0.11914822100000001: 305
