2014,1,2,137
2014,1,0,102
2014,1,1,5863
2014,1,2,3866
2014,1,0,452
2014,1,1,5190
2014,1,2,1737
2014,2,0,744
2014,2,1,5977
2014,2,2,1418
2014,2,0,34
2014,2,1,6990
2014,2,2,2301
2014,2,0,143
2014,3,1,8535
2014,3,2,2802
2014,3,0,483
2014,3,1,9957
2014,3,2,4415
2014,3,0,375
2014,3,1,5722
2014,4,2,2193
2014,4,0,607
2014,4,1,15728
2014,4,2,4123
2014,4,0,4210
2014,4,1,20440
2014,4,2,424
2014,5,0,5353
2014,5,1,13368
2014,5,2,6644
2014,5,0,813
2014,5,1,24666
2014,5,2,5194
2014,5,0,2904
2014,6,1,21253
2014,6,2,6433
2014,6,0,2110
2014,6,1,24073
2014,6,2,6473
2014,6,0,2728
2014,6,1,15462
2014,7,2,2796
2014,7,0,2885
2014,7,1,15874
2014,7,2,8075
2014,7,0,7512
2014,7,1,25055
2014,7,2,7734
2014,8,0,6286
2014,8,1,25545
2014,8,2,5062
2014,8,0,3520
2014,8,1,24811
2014,8,2,6771
2014,8,0,2847
2014,9,1,21761
2014,9,2,6651
2014,9,0,2841
2014,9,1,24790
2014,9,2,6526
2014,9,0,2530
2014,9,1,16537
2014,10,2,7169
2014,10,0,2303
2014,10,1,8910
2014,10,2,5565
2014,10,0,2527
2014,10,1,21912
2014,10,2,6253
2014,11,0,314
2014,11,1,9684
2014,11,2,5979
2014,11,0,643
2014,11,1,13232
2014,11,2,4643
2014,11,0,224
2014,12,1,12333
2014,12,2,2348
2014,12,0,83
2014,12,1,15139
2014,12,2,2055
2014,12,0,236
2014,12,1,5312
2015,1,2,2174
2015,1,0,250
2015,1,1,4766
2015,1,2,2487
2015,1,0,27
2015,1,1,12596
2015,1,2,778
2015,1,0,70
2015,2,1,7752
2015,2,2,1718
2015,2,0,80
2015,2,1,7553
2015,2,2,1133
2015,2,0,71
2015,3,1,5470
2015,3,2,1720
2015,3,0,843
2015,3,1,12947
2015,3,2,1920
2015,3,0,556
2015,3,1,6816
2015,4,2,2846
2015,4,0,2305
2015,4,1,11487
2015,4,2,5536
2015,4,0,4619
2015,4,1,15834
2015,4,2,6308
2015,5,0,6842
2015,5,1,24184
2015,5,2,6888
2015,5,0,5174
2015,5,1,23835
2015,5,2,5068
2015,5,0,3797
2015,6,1,9391
2015,6,2,6129
2015,6,0,4174
2015,6,1,17786
2015,6,2,4703
2015,6,0,3259
2015,6,1,11903
2015,7,2,5113
2015,7,0,4826
2015,7,1,16217
2015,7,2,8516
2015,7,0,8230
2015,7,1,26393
2015,7,2,8152
2015,8,0,12407
2015,8,1,28072
2015,8,2,4981
2015,8,0,6069
2015,8,1,27425
2015,8,2,8099
2015,8,0,5304
2015,9,1,29224
2015,9,2,5312
2015,9,0,4345
2015,9,1,28917
2015,9,2,9078
2015,9,0,4589
2015,9,1,20579
2015,10,2,1701
2015,10,0,4244
2015,10,1,20333
2015,10,2,10299
2015,10,0,3767
2015,10,1,30549
2015,10,2,4339
2015,10,0,6363
2015,11,1,30489
2015,11,2,4353
2015,11,0,2986
2015,11,1,30471
2015,11,2,6178
2015,11,0,3843
2015,12,1,14183
2015,12,2,5594
2015,12,0,1343
2015,12,1,23639
2015,12,2,3954
2015,12,0,899
2015,12,1,7443
