2014,1,1,2198
2014,1,2,1679
2014,1,0,588
2014,1,1,6955
2014,1,2,810
2014,1,0,88
2014,1,1,11783
2014,2,2,399
2014,2,0,116
2014,2,1,778
2014,2,2,769
2014,2,0,130
2014,2,1,9265
2014,3,2,1267
2014,3,0,176
2014,3,1,17985
2014,3,2,2182
2014,3,0,282
2014,3,1,10694
2014,3,2,867
2014,4,0,1141
2014,4,1,12524
2014,4,2,5335
2014,4,0,2801
2014,4,1,13468
2014,4,2,5618
2014,4,0,3862
2014,5,1,23069
2014,5,2,6637
2014,5,0,3708
2014,5,1,19282
2014,5,2,7392
2014,5,0,2157
2014,5,1,21932
2014,6,2,7021
2014,6,0,1992
2014,6,1,23930
2014,6,2,6161
2014,6,0,2780
2014,6,1,22669
2014,6,2,6016
2014,7,0,2683
2014,7,1,12398
2014,7,2,7063
2014,7,0,2239
2014,7,1,15584
2014,7,2,7472
2014,7,0,5780
2014,8,1,22757
2014,8,2,7663
2014,8,0,9636
2014,8,1,24660
2014,8,2,7432
2014,8,0,2861
2014,8,1,24122
2014,9,2,5004
2014,9,0,2740
2014,9,1,25110
2014,9,2,6429
2014,9,0,2775
2014,9,1,23815
2014,9,2,6650
2014,9,0,2064
2014,10,1,14346
2014,10,2,6259
2014,10,0,2282
2014,10,1,15094
2014,10,2,2409
2014,10,0,3332
2014,10,1,20432
2014,11,2,6376
2014,11,0,2060
2014,11,1,15622
2014,11,2,3181
2014,11,0,406
2014,11,1,3054
2014,12,2,3613
2014,12,0,487
2014,12,1,5558
2014,12,2,2732
2014,12,0,502
2014,12,1,10727
2014,12,2,2044
2014,12,0,641
2015,1,1,5734
2015,1,2,1211
2015,1,0,60
2015,1,1,5506
2015,1,2,2902
2015,1,0,429
2015,1,1,7421
2015,2,2,1476
2015,2,0,224
2015,2,1,9304
2015,2,2,706
2015,2,0,28
2015,2,1,8841
2015,3,2,1180
2015,3,0,4
2015,3,1,9285
2015,3,2,1798
2015,3,0,302
2015,3,1,10688
2015,3,2,199
2015,3,0,454
2015,4,1,8329
2015,4,2,3038
2015,4,0,1521
2015,4,1,14831
2015,4,2,4356
2015,4,0,4823
2015,5,1,19786
2015,5,2,6153
2015,5,0,5744
2015,5,1,24405
2015,5,2,6692
2015,5,0,4332
2015,5,1,23491
2015,6,2,2812
2015,6,0,2700
2015,6,1,24874
2015,6,2,5640
2015,6,0,4083
2015,6,1,25204
2015,6,2,3225
2015,6,0,4105
2015,7,1,11778
2015,7,2,7697
2015,7,0,4857
2015,7,1,15115
2015,7,2,8528
2015,7,0,9287
2015,7,1,25385
2015,8,2,8470
2015,8,0,14659
2015,8,1,28178
2015,8,2,8364
2015,8,0,5476
2015,8,1,28948
2015,8,2,8387
2015,9,0,5098
2015,9,1,28761
2015,9,2,7240
2015,9,0,5535
2015,9,1,31967
2015,9,2,8882
2015,9,0,4974
2015,10,1,17949
2015,10,2,7585
2015,10,0,8155
2015,10,1,18602
2015,10,2,10542
2015,10,0,5276
2015,10,1,30709
2015,11,2,10350
2015,11,0,7624
2015,11,1,27582
2015,11,2,8511
2015,11,0,2619
2015,11,1,22010
2015,11,2,6439
2015,12,0,1376
2015,12,1,26439
2015,12,2,7138
2015,12,0,1584
2015,12,1,22511
2015,12,2,2441
2015,12,0,788
