2014,1,2,443
2014,1,0,28
2014,1,1,8768
2014,1,2,4023
2014,1,0,516
2014,1,1,3469
2014,1,2,2157
2014,2,0,979
2014,2,1,7025
2014,2,2,1459
2014,2,0,48
2014,2,1,9586
2014,2,2,2247
2014,2,0,125
2014,3,1,11176
2014,3,2,3277
2014,3,0,211
2014,3,1,13070
2014,3,2,2578
2014,3,0,245
2014,3,1,13176
2014,4,2,4027
2014,4,0,798
2014,4,1,15368
2014,4,2,3953
2014,4,0,2415
2014,4,1,12082
2014,5,2,5305
2014,5,0,3798
2014,5,1,16911
2014,5,2,6128
2014,5,0,6781
2014,5,1,18377
2014,5,2,6581
2014,5,0,3378
2014,6,1,25525
2014,6,2,3620
2014,6,0,1872
2014,6,1,24728
2014,6,2,6271
2014,6,0,2654
2014,6,1,23370
2014,7,2,4423
2014,7,0,2222
2014,7,1,14614
2014,7,2,7563
2014,7,0,3420
2014,7,1,15098
2014,7,2,7267
2014,8,0,5771
2014,8,1,23323
2014,8,2,5745
2014,8,0,9977
2014,8,1,23827
2014,8,2,7099
2014,8,0,3771
2014,9,1,25568
2014,9,2,7276
2014,9,0,2644
2014,9,1,18864
2014,9,2,5931
2014,9,0,2244
2014,9,1,23724
2014,10,2,2801
2014,10,0,1717
2014,10,1,13420
2014,10,2,6871
2014,10,0,1703
2014,10,1,14930
2014,10,2,6310
2014,11,0,1154
2014,11,1,19064
2014,11,2,5869
2014,11,0,1128
2014,11,1,16231
2014,11,2,5097
2014,11,0,585
2014,12,1,10819
2014,12,2,2901
2014,12,0,292
2014,12,1,13253
2014,12,2,1936
2014,12,0,104
2014,12,1,10102
2015,1,2,1037
2015,1,0,21
2015,1,1,5614
2015,1,2,2456
2015,1,0,308
2015,1,1,3796
2015,1,2,1430
2015,2,0,185
2015,2,1,7145
2015,2,2,1948
2015,2,0,106
2015,2,1,6557
2015,2,2,1123
2015,2,0,162
2015,3,1,6251
2015,3,2,2695
2015,3,0,565
2015,3,1,11696
2015,3,2,2060
2015,3,0,462
2015,3,1,13973
2015,4,2,2873
2015,4,0,701
2015,4,1,11554
2015,4,2,4761
2015,4,0,374
2015,4,1,12300
2015,4,2,5833
2015,5,0,8186
2015,5,1,23132
2015,5,2,6490
2015,5,0,6156
2015,5,1,22492
2015,5,2,7003
2015,5,0,5039
2015,6,1,24362
2015,6,2,6838
2015,6,0,3846
2015,6,1,22349
2015,6,2,5341
2015,6,0,4422
2015,6,1,25653
2015,7,2,3519
2015,7,0,4053
2015,7,1,15801
2015,7,2,8033
2015,7,0,4205
2015,7,1,15401
2015,7,2,6326
2015,8,0,10019
2015,8,1,26427
2015,8,2,8733
2015,8,0,13996
2015,8,1,26648
2015,8,2,8890
2015,8,0,6101
2015,9,1,29505
2015,9,2,6361
2015,9,0,1983
2015,9,1,32220
2015,9,2,8428
2015,9,0,5860
2015,9,1,32115
2015,10,2,3553
2015,10,0,4537
2015,10,1,19486
2015,10,2,9552
2015,10,0,2750
2015,10,1,18051
2015,10,2,9549
2015,11,0,6182
2015,11,1,32271
2015,11,2,8244
2015,11,0,3583
2015,11,1,16483
2015,11,2,6838
2015,11,0,5210
2015,12,1,18204
2015,12,2,7271
2015,12,0,2054
2015,12,1,28499
2015,12,2,3889
2015,12,0,565
2015,12,1,13094
