2014,1,1,6906
2014,1,2,951
2014,1,0,129
2014,1,1,16720
2014,1,2,2923
2014,1,0,35
2014,1,1,8222
2014,2,2,3386
2014,2,0,26
2014,2,1,5688
2014,2,2,427
2014,2,0,50
2014,2,1,8802
2014,2,2,1584
2014,3,0,125
2014,3,1,10393
2014,3,2,1862
2014,3,0,724
2014,3,1,15718
2014,3,2,2542
2014,3,0,247
2014,4,1,19791
2014,4,2,4424
2014,4,0,1477
2014,4,1,15249
2014,4,2,5358
2014,4,0,1727
2014,4,1,14434
2014,5,2,4557
2014,5,0,2594
2014,5,1,22331
2014,5,2,6308
2014,5,0,3051
2014,5,1,11927
2014,5,2,6999
2014,6,0,3397
2014,6,1,17334
2014,6,2,6042
2014,6,0,6278
2014,6,1,23591
2014,6,2,7282
2014,6,0,6572
2014,7,1,19441
2014,7,2,7134
2014,7,0,3751
2014,7,1,25288
2014,7,2,7479
2014,7,0,3083
2014,7,1,26180
2014,8,2,5255
2014,8,0,3161
2014,8,1,23143
2014,8,2,6281
2014,8,0,2997
2014,8,1,14798
2014,8,2,6132
2014,9,0,5750
2014,9,1,15659
2014,9,2,7814
2014,9,0,5658
2014,9,1,24905
2014,9,2,7441
2014,9,0,6177
2014,10,1,25286
2014,10,2,7137
2014,10,0,2344
2014,10,1,21216
2014,10,2,5684
2014,10,0,318
2014,10,1,24159
2014,11,2,3181
2014,11,0,1521
2014,11,1,20234
2014,11,2,3154
2014,11,0,261
2014,11,1,10765
2014,11,2,1697
2014,12,0,728
2014,12,1,3082
2014,12,2,3371
2014,12,0,662
2014,12,1,13560
2014,12,2,698
2014,12,0,2008
2015,1,1,3584
2015,1,2,1364
2015,1,0,39
2015,1,1,10624
2015,1,2,2177
2015,1,0,199
2015,1,1,1046
2015,2,2,1359
2015,2,0,40
2015,2,1,4311
2015,2,2,939
2015,2,0,31
2015,2,1,3386
2015,2,2,1550
2015,3,0,94
2015,3,1,4255
2015,3,2,3154
2015,3,0,585
2015,3,1,6496
2015,3,2,2637
2015,3,0,11
2015,4,1,17574
2015,4,2,2980
2015,4,0,732
2015,4,1,20227
2015,4,2,2099
2015,4,0,1067
2015,4,1,21311
2015,5,2,5321
2015,5,0,2556
2015,5,1,22021
2015,5,2,4534
2015,5,0,3307
2015,5,1,10635
2015,5,2,7562
2015,6,0,831
2015,6,1,14475
2015,6,2,7764
2015,6,0,8201
2015,6,1,24982
2015,6,2,8572
2015,6,0,3191
2015,7,1,23818
2015,7,2,7563
2015,7,0,5500
2015,7,1,24714
2015,7,2,7138
2015,7,0,5164
2015,7,1,27449
2015,8,2,6094
2015,8,0,4900
2015,8,1,25931
2015,8,2,6975
2015,8,0,4745
2015,8,1,16656
2015,8,2,8543
2015,8,0,4995
2015,9,1,14926
2015,9,2,4479
2015,9,0,8893
2015,9,1,32795
2015,9,2,10299
2015,9,0,11148
2015,10,1,24682
2015,10,2,10807
2015,10,0,4263
2015,10,1,34619
2015,10,2,7728
2015,10,0,4735
2015,10,1,31563
2015,11,2,6635
2015,11,0,5035
2015,11,1,29758
2015,11,2,5677
2015,11,0,2076
2015,11,1,15015
2015,11,2,4308
2015,11,0,1356
2015,12,1,16572
2015,12,2,8518
2015,12,0,6125
2015,12,1,23325
2015,12,2,2921
2015,12,0,3823
2015,12,1,13291
