2014,1,1,1820
2014,1,2,2428
2014,1,0,777
2014,1,1,15495
2014,1,2,336
2014,1,0,73
2014,1,1,9887
2014,2,2,1550
2014,2,0,68
2014,2,1,7071
2014,2,2,875
2014,2,0,192
2014,2,1,10385
2014,3,2,1760
2014,3,0,220
2014,3,1,13407
2014,3,2,4007
2014,3,0,544
2014,3,1,7889
2014,3,2,3428
2014,3,0,599
2014,4,1,12141
2014,4,2,5476
2014,4,0,5537
2014,4,1,15070
2014,4,2,5376
2014,4,0,3463
2014,5,1,19763
2014,5,2,6484
2014,5,0,1634
2014,5,1,22120
2014,5,2,6406
2014,5,0,1575
2014,5,1,22858
2014,6,2,6823
2014,6,0,2929
2014,6,1,13565
2014,6,2,6288
2014,6,0,2803
2014,6,1,16339
2014,6,2,7246
2014,6,0,3168
2014,7,1,11148
2014,7,2,7680
2014,7,0,4905
2014,7,1,24669
2014,7,2,7195
2014,7,0,6557
2014,7,1,25252
2014,8,2,7164
2014,8,0,3734
2014,8,1,20127
2014,8,2,7053
2014,8,0,3153
2014,8,1,24402
2014,8,2,3501
2014,9,0,2467
2014,9,1,24403
2014,9,2,3952
2014,9,0,1449
2014,9,1,15558
2014,9,2,7201
2014,9,0,2500
2014,10,1,9099
2014,10,2,6585
2014,10,0,5048
2014,10,1,24000
2014,10,2,1626
2014,10,0,4683
2014,10,1,23239
2014,11,2,6334
2014,11,0,1181
2014,11,1,20943
2014,11,2,1518
2014,11,0,411
2014,11,1,19384
2014,11,2,2782
2014,12,0,153
2014,12,1,12447
2014,12,2,2827
2014,12,0,358
2014,12,1,6419
2014,12,2,1801
2014,12,0,1143
2015,1,1,3215
2015,1,2,1451
2015,1,0,172
2015,1,1,11153
2015,1,2,2785
2015,1,0,112
2015,1,1,7347
2015,2,2,653
2015,2,0,49
2015,2,1,9377
2015,2,2,653
2015,2,0,33
2015,2,1,6230
2015,3,2,599
2015,3,0,55
2015,3,1,11667
2015,3,2,688
2015,3,0,499
2015,3,1,6684
2015,3,2,2612
2015,3,0,719
2015,4,1,9054
2015,4,2,2936
2015,4,0,4187
2015,4,1,17830
2015,4,2,4431
2015,4,0,4566
2015,4,1,21026
2015,5,2,6534
2015,5,0,4581
2015,5,1,23320
2015,5,2,6062
2015,5,0,2754
2015,5,1,24073
2015,5,2,4034
2015,6,0,3399
2015,6,1,22935
2015,6,2,5842
2015,6,0,3348
2015,6,1,13785
2015,6,2,7641
2015,6,0,4980
2015,7,1,8663
2015,7,2,6188
2015,7,0,8979
2015,7,1,25733
2015,7,2,8824
2015,7,0,10160
2015,7,1,21870
2015,8,2,8303
2015,8,0,6503
2015,8,1,28785
2015,8,2,7604
2015,8,0,4726
2015,8,1,27886
2015,8,2,6573
2015,9,0,4726
2015,9,1,15834
2015,9,2,6973
2015,9,0,6020
2015,9,1,21209
2015,9,2,10681
2015,9,0,5487
2015,10,1,11597
2015,10,2,10632
2015,10,0,11834
2015,10,1,31781
2015,10,2,10692
2015,10,0,6698
2015,10,1,32245
2015,11,2,10298
2015,11,0,5022
2015,11,1,26951
2015,11,2,8995
2015,11,0,798
2015,11,1,23971
2015,11,2,4127
2015,12,0,645
2015,12,1,24999
2015,12,2,7217
2015,12,0,1977
2015,12,1,11505
2015,12,2,1709
2015,12,0,2490
