2014,1,2,1190
2014,1,0,29
2014,1,1,10763
2014,1,2,1774
2014,1,0,783
2014,1,1,2087
2014,1,2,2433
2014,1,0,114
2014,2,1,7074
2014,2,2,1075
2014,2,0,50
2014,2,1,3878
2014,2,2,2865
2014,2,0,198
2014,3,1,5996
2014,3,2,2306
2014,3,0,547
2014,3,1,11412
2014,3,2,3855
2014,3,0,1273
2014,3,1,14386
2014,4,2,4412
2014,4,0,2487
2014,4,1,20578
2014,4,2,1846
2014,4,0,1747
2014,4,1,20200
2014,4,2,5612
2014,5,0,1694
2014,5,1,23405
2014,5,2,6025
2014,5,0,1796
2014,5,1,22511
2014,5,2,3481
2014,5,0,3497
2014,6,1,17218
2014,6,2,7568
2014,6,0,1426
2014,6,1,16166
2014,6,2,6690
2014,6,0,6807
2014,6,1,24379
2014,7,2,5401
2014,7,0,7342
2014,7,1,25588
2014,7,2,4577
2014,7,0,3873
2014,7,1,24381
2014,7,2,6987
2014,7,0,2939
2014,8,1,24117
2014,8,2,5655
2014,8,0,2105
2014,8,1,23437
2014,8,2,5509
2014,8,0,3018
2014,8,1,9405
2014,9,2,7182
2014,9,0,2656
2014,9,1,11303
2014,9,2,8054
2014,9,0,4591
2014,9,1,24460
2014,10,2,5794
2014,10,0,1454
2014,10,1,23467
2014,10,2,6831
2014,10,0,3261
2014,10,1,7151
2014,10,2,5945
2014,10,0,1584
2014,11,1,23067
2014,11,2,4097
2014,11,0,995
2014,11,1,6479
2014,11,2,2885
2014,11,0,1099
2014,11,1,8473
2014,12,2,3153
2014,12,0,209
2014,12,1,9020
2014,12,2,3512
2014,12,0,392
2014,12,1,6794
2014,12,2,1746
2015,1,0,226
2015,1,1,7282
2015,1,2,2259
2015,1,0,234
2015,1,1,12279
2015,1,2,628
2015,1,0,93
2015,2,1,4092
2015,2,2,1371
2015,2,0,114
2015,2,1,3301
2015,2,2,645
2015,2,0,49
2015,3,1,2162
2015,3,2,738
2015,3,0,516
2015,3,1,3070
2015,3,2,2704
2015,3,0,932
2015,3,1,11036
2015,4,2,3791
2015,4,0,2428
2015,4,1,13156
2015,4,2,4478
2015,4,0,1584
2015,4,1,16355
2015,4,2,5046
2015,4,0,2393
2015,5,1,23337
2015,5,2,5278
2015,5,0,3592
2015,5,1,21626
2015,5,2,4356
2015,5,0,4710
2015,5,1,10929
2015,6,2,6111
2015,6,0,3812
2015,6,1,15695
2015,6,2,7185
2015,6,0,6800
2015,6,1,26065
2015,7,2,7620
2015,7,0,9524
2015,7,1,22398
2015,7,2,7654
2015,7,0,5829
2015,7,1,28892
2015,7,2,7789
2015,7,0,2970
2015,8,1,27211
2015,8,2,6095
2015,8,0,5476
2015,8,1,24607
2015,8,2,6586
2015,8,0,4879
2015,8,1,16592
2015,9,2,8037
2015,9,0,11487
2015,9,1,18351
2015,9,2,10967
2015,9,0,10825
2015,9,1,33418
2015,9,2,8617
2015,10,0,1414
2015,10,1,34629
2015,10,2,10505
2015,10,0,5151
2015,10,1,33863
2015,10,2,9000
2015,10,0,3564
2015,11,1,33469
2015,11,2,7119
2015,11,0,2510
2015,11,1,29159
2015,11,2,6226
2015,11,0,1409
2015,11,1,11696
2015,12,2,7100
2015,12,0,1869
2015,12,1,19459
2015,12,2,4496
2015,12,0,1636
2015,12,1,4809
2015,12,2,4099
