2014,1,1,986
2014,1,2,1600
2014,1,0,194
2014,1,1,15615
2014,1,2,588
2014,1,0,45
2014,1,1,8229
2014,2,2,363
2014,2,0,73
2014,2,1,6880
2014,2,2,557
2014,2,0,79
2014,2,1,10395
2014,3,2,1959
2014,3,0,128
2014,3,1,8257
2014,3,2,3042
2014,3,0,322
2014,3,1,12086
2014,3,2,3109
2014,3,0,465
2014,4,1,10044
2014,4,2,5405
2014,4,0,5629
2014,4,1,16818
2014,4,2,5435
2014,4,0,2101
2014,4,1,2393
2014,5,2,6202
2014,5,0,1059
2014,5,1,23905
2014,5,2,5871
2014,5,0,2708
2014,5,1,13449
2014,5,2,5872
2014,6,0,2258
2014,6,1,16827
2014,6,2,3609
2014,6,0,3316
2014,6,1,16624
2014,6,2,7277
2014,6,0,6353
2014,7,1,8034
2014,7,2,7405
2014,7,0,6670
2014,7,1,27297
2014,7,2,7933
2014,7,0,3992
2014,7,1,26349
2014,8,2,6951
2014,8,0,3273
2014,8,1,19139
2014,8,2,5661
2014,8,0,3474
2014,8,1,22845
2014,8,2,4359
2014,9,0,2413
2014,9,1,17106
2014,9,2,7818
2014,9,0,2787
2014,9,1,17298
2014,9,2,3090
2014,9,0,6037
2014,10,1,24336
2014,10,2,7144
2014,10,0,1472
2014,10,1,19853
2014,10,2,6566
2014,10,0,1952
2014,10,1,22223
2014,11,2,5495
2014,11,0,309
2014,11,1,21735
2014,11,2,3110
2014,11,0,255
2014,11,1,17457
2014,11,2,1822
2014,12,0,197
2014,12,1,7580
2014,12,2,3401
2014,12,0,521
2014,12,1,7154
2014,12,2,862
2014,12,0,962
2015,1,1,8488
2015,1,2,1604
2015,1,0,75
2015,1,1,11404
2015,1,2,2887
2015,1,0,310
2015,1,1,4590
2015,2,2,203
2015,2,0,29
2015,2,1,8517
2015,2,2,489
2015,2,0,80
2015,2,1,6280
2015,2,2,1201
2015,3,0,55
2015,3,1,5730
2015,3,2,3092
2015,3,0,726
2015,3,1,6591
2015,3,2,2708
2015,3,0,890
2015,4,1,10996
2015,4,2,3225
2015,4,0,3282
2015,4,1,19887
2015,4,2,4935
2015,4,0,1172
2015,4,1,22273
2015,5,2,6251
2015,5,0,3854
2015,5,1,24149
2015,5,2,5866
2015,5,0,3350
2015,5,1,12990
2015,5,2,6260
2015,6,0,480
2015,6,1,15570
2015,6,2,7027
2015,6,0,2438
2015,6,1,13121
2015,6,2,7957
2015,6,0,4183
2015,7,1,13249
2015,7,2,7193
2015,7,0,9421
2015,7,1,28509
2015,7,2,7951
2015,7,0,5868
2015,7,1,27074
2015,8,2,7964
2015,8,0,5725
2015,8,1,17347
2015,8,2,5913
2015,8,0,4704
2015,8,1,25831
2015,8,2,6639
2015,9,0,4896
2015,9,1,13511
2015,9,2,9798
2015,9,0,6506
2015,9,1,21675
2015,9,2,11193
2015,9,0,9208
2015,10,1,7331
2015,10,2,10983
2015,10,0,10981
2015,10,1,33728
2015,10,2,9782
2015,10,0,4891
2015,10,1,15735
2015,11,2,9136
2015,11,0,3507
2015,11,1,16392
2015,11,2,5948
2015,11,0,1942
2015,11,1,22494
2015,11,2,3170
2015,12,0,491
2015,12,1,15646
2015,12,2,8175
2015,12,0,2042
2015,12,1,12424
2015,12,2,3677
2015,12,0,3190
