2014,1,0,181
2014,1,1,5288
2014,1,2,2970
2014,1,0,586
2014,1,1,9968
2014,1,2,796
2014,1,0,50
2014,2,1,9451
2014,2,2,1402
2014,2,0,42
2014,2,1,1786
2014,2,2,2014
2014,2,0,1442
2014,2,1,7878
2014,3,2,2405
2014,3,0,2371
2014,3,1,8906
2014,3,2,3065
2014,3,0,975
2014,3,1,11713
2014,3,2,3310
2014,4,0,1368
2014,4,1,16662
2014,4,2,5966
2014,4,0,989
2014,4,1,19351
2014,4,2,4354
2014,4,0,627
2014,5,1,12922
2014,5,2,4096
2014,5,0,2681
2014,5,1,16823
2014,5,2,4583
2014,5,0,8924
2014,5,1,23966
2014,6,2,7614
2014,6,0,7321
2014,6,1,21170
2014,6,2,7566
2014,6,0,3633
2014,6,1,24404
2014,6,2,7059
2014,7,0,2452
2014,7,1,23357
2014,7,2,5350
2014,7,0,2686
2014,7,1,24771
2014,7,2,5524
2014,7,0,3099
2014,8,1,14250
2014,8,2,7016
2014,8,0,3679
2014,8,1,15759
2014,8,2,6824
2014,8,0,6981
2014,8,1,21361
2014,9,2,7500
2014,9,0,4480
2014,9,1,26623
2014,9,2,5320
2014,9,0,2686
2014,9,1,25796
2014,9,2,6937
2014,10,0,2007
2014,10,1,24038
2014,10,2,4926
2014,10,0,1515
2014,10,1,20527
2014,10,2,5339
2014,10,0,1867
2014,11,1,9765
2014,11,2,5110
2014,11,0,1762
2014,11,1,9775
2014,11,2,3969
2014,11,0,1350
2014,11,1,6096
2014,12,2,2500
2014,12,0,100
2014,12,1,14478
2014,12,2,3205
2014,12,0,429
2014,12,1,3483
2014,12,2,2304
2015,1,0,666
2015,1,1,7354
2015,1,2,1681
2015,1,0,120
2015,1,1,8225
2015,1,2,906
2015,1,0,29
2015,2,1,4897
2015,2,2,1381
2015,2,0,51
2015,2,1,3569
2015,2,2,1209
2015,2,0,96
2015,2,1,8152
2015,3,2,1208
2015,3,0,218
2015,3,1,13811
2015,3,2,2662
2015,3,0,172
2015,3,1,11571
2015,3,2,3383
2015,4,0,2006
2015,4,1,12581
2015,4,2,4213
2015,4,0,1764
2015,4,1,8729
2015,4,2,4216
2015,4,0,2514
2015,5,1,14187
2015,5,2,6591
2015,5,0,4047
2015,5,1,13192
2015,5,2,5968
2015,5,0,10275
2015,5,1,25155
2015,6,2,6829
2015,6,0,6636
2015,6,1,25790
2015,6,2,6450
2015,6,0,5059
2015,6,1,28076
2015,6,2,7404
2015,7,0,4836
2015,7,1,25221
2015,7,2,6257
2015,7,0,3228
2015,7,1,23546
2015,7,2,6078
2015,7,0,4765
2015,8,1,15509
2015,8,2,8069
2015,8,0,6154
2015,8,1,16850
2015,8,2,7906
2015,8,0,9929
2015,8,1,27111
2015,9,2,8994
2015,9,0,13076
2015,9,1,15791
2015,9,2,10489
2015,9,0,6933
2015,9,1,32207
2015,9,2,10409
2015,10,0,2862
2015,10,1,34375
2015,10,2,7647
2015,10,0,4539
2015,10,1,26092
2015,10,2,6964
2015,10,0,3345
2015,11,1,17805
2015,11,2,9869
2015,11,0,3548
2015,11,1,16039
2015,11,2,4609
2015,11,0,2867
2015,11,1,13306
2015,12,2,4933
2015,12,0,3928
2015,12,1,28527
2015,12,2,8185
2015,12,0,1207
2015,12,1,11331
2015,12,2,3305
2015,12,0,3128
