2014,1,0,652
2014,1,1,7774
2014,1,2,1638
2014,1,0,157
2014,1,1,6392
2014,1,2,941
2014,1,0,119
2014,2,1,9078
2014,2,2,1146
2014,2,0,94
2014,2,1,3055
2014,2,2,1437
2014,2,0,1408
2014,2,1,9910
2014,3,2,1735
2014,3,0,253
2014,3,1,11627
2014,3,2,2224
2014,3,0,743
2014,3,1,12674
2014,3,2,1720
2014,4,0,649
2014,4,1,11219
2014,4,2,5751
2014,4,0,368
2014,4,1,10551
2014,4,2,5378
2014,4,0,2027
2014,5,1,14891
2014,5,2,3192
2014,5,0,6612
2014,5,1,13569
2014,5,2,7046
2014,5,0,3742
2014,5,1,24084
2014,6,2,5990
2014,6,0,4345
2014,6,1,22019
2014,6,2,7543
2014,6,0,2326
2014,6,1,25408
2014,6,2,6171
2014,7,0,2096
2014,7,1,22150
2014,7,2,6174
2014,7,0,1416
2014,7,1,16425
2014,7,2,7337
2014,7,0,2886
2014,8,1,14849
2014,8,2,7544
2014,8,0,6339
2014,8,1,22372
2014,8,2,7247
2014,8,0,6245
2014,8,1,24349
2014,9,2,6333
2014,9,0,3233
2014,9,1,26938
2014,9,2,7468
2014,9,0,2711
2014,9,1,26084
2014,9,2,6447
2014,10,0,1200
2014,10,1,22862
2014,10,2,2583
2014,10,0,2332
2014,10,1,12099
2014,10,2,5973
2014,10,0,1699
2014,11,1,4587
2014,11,2,2290
2014,11,0,2355
2014,11,1,16223
2014,11,2,3207
2014,11,0,752
2014,11,1,2873
2014,12,2,2837
2014,12,0,351
2014,12,1,8497
2014,12,2,3722
2014,12,0,367
2014,12,1,7557
2014,12,2,1628
2014,12,0,591
2015,1,1,11785
2015,1,2,1268
2015,1,0,74
2015,1,1,1439
2015,1,2,2831
2015,1,0,24
2015,1,1,4089
2015,2,2,1427
2015,2,0,192
2015,2,1,6337
2015,2,2,1537
2015,2,0,47
2015,2,1,8238
2015,3,2,1008
2015,3,0,42
2015,3,1,14975
2015,3,2,3114
2015,3,0,513
2015,3,1,12693
2015,3,2,2120
2015,4,0,902
2015,4,1,16761
2015,4,2,3874
2015,4,0,964
2015,4,1,12373
2015,4,2,3975
2015,4,0,1979
2015,5,1,13885
2015,5,2,6833
2015,5,0,7117
2015,5,1,23169
2015,5,2,6638
2015,5,0,7980
2015,5,1,24755
2015,6,2,2113
2015,6,0,3005
2015,6,1,27051
2015,6,2,4863
2015,6,0,3255
2015,6,1,22503
2015,6,2,4505
2015,7,0,4096
2015,7,1,23356
2015,7,2,6081
2015,7,0,3260
2015,7,1,14566
2015,7,2,8069
2015,7,0,5044
2015,8,1,16356
2015,8,2,8486
2015,8,0,10816
2015,8,1,25798
2015,8,2,8597
2015,8,0,11069
2015,8,1,28939
2015,9,2,9171
2015,9,0,6391
2015,9,1,30329
2015,9,2,9245
2015,9,0,5676
2015,9,1,33652
2015,9,2,8498
2015,9,0,2860
2015,10,1,30788
2015,10,2,8031
2015,10,0,5238
2015,10,1,14966
2015,10,2,9239
2015,10,0,3837
2015,10,1,18553
2015,11,2,9010
2015,11,0,6713
2015,11,1,28059
2015,11,2,9072
2015,11,0,4450
2015,11,1,6898
2015,12,2,3725
2015,12,0,1814
2015,12,1,26512
2015,12,2,6837
2015,12,0,521
2015,12,1,17631
2015,12,2,2544
2015,12,0,2595
