2014,1,2,445
2014,1,0,57
2014,1,1,15957
2014,1,2,2005
2014,1,0,25
2014,1,1,3874
2014,1,2,2633
2014,2,0,22
2014,2,1,4646
2014,2,2,95
2014,2,0,87
2014,2,1,7114
2014,2,2,1802
2014,3,0,588
2014,3,1,10340
2014,3,2,4993
2014,3,0,603
2014,3,1,10546
2014,3,2,2554
2014,3,0,432
2014,4,1,17967
2014,4,2,4626
2014,4,0,1177
2014,4,1,20274
2014,4,2,4898
2014,4,0,1800
2014,4,1,13241
2014,5,2,6249
2014,5,0,2563
2014,5,1,13427
2014,5,2,5268
2014,5,0,6274
2014,5,1,17492
2014,5,2,5780
2014,5,0,6067
2014,6,1,17501
2014,6,2,7102
2014,6,0,1330
2014,6,1,24958
2014,6,2,6885
2014,6,0,2979
2014,7,1,24736
2014,7,2,4844
2014,7,0,2640
2014,7,1,18487
2014,7,2,6124
2014,7,0,3009
2014,7,1,15270
2014,8,2,6549
2014,8,0,3614
2014,8,1,15619
2014,8,2,7185
2014,8,0,6595
2014,8,1,21389
2014,8,2,7000
2014,8,0,6378
2014,9,1,26040
2014,9,2,7246
2014,9,0,3192
2014,9,1,26598
2014,9,2,6993
2014,9,0,676
2014,9,1,25655
2014,10,2,5328
2014,10,0,1968
2014,10,1,15828
2014,10,2,5339
2014,10,0,1699
2014,10,1,12763
2014,10,2,5427
2014,11,0,1535
2014,11,1,11450
2014,11,2,4252
2014,11,0,879
2014,11,1,14038
2014,11,2,564
2014,11,0,564
2014,12,1,16690
2014,12,2,1114
2014,12,0,392
2014,12,1,15880
2014,12,2,2416
2014,12,0,1230
2014,12,1,9550
2015,1,2,1722
2015,1,0,36
2015,1,1,7147
2015,1,2,1668
2015,1,0,256
2015,1,1,6892
2015,1,2,1514
2015,2,0,11
2015,2,1,5217
2015,2,2,1853
2015,2,0,33
2015,2,1,5191
2015,2,2,1794
2015,2,0,173
2015,3,1,1432
2015,3,2,2179
2015,3,0,687
2015,3,1,11141
2015,3,2,2474
2015,3,0,342
2015,3,1,11167
2015,4,2,2667
2015,4,0,681
2015,4,1,18295
2015,4,2,5486
2015,4,0,1844
2015,4,1,12379
2015,5,2,5399
2015,5,0,4390
2015,5,1,13755
2015,5,2,6963
2015,5,0,9878
2015,5,1,21336
2015,5,2,6761
2015,5,0,8621
2015,6,1,23619
2015,6,2,7275
2015,6,0,4208
2015,6,1,26345
2015,6,2,7658
2015,6,0,4299
2015,6,1,26485
2015,7,2,4578
2015,7,0,3461
2015,7,1,25797
2015,7,2,5662
2015,7,0,4397
2015,7,1,15296
2015,7,2,7725
2015,8,0,5413
2015,8,1,17113
2015,8,2,8465
2015,8,0,9207
2015,8,1,24875
2015,8,2,8884
2015,8,0,10521
2015,9,1,28849
2015,9,2,9096
2015,9,0,6482
2015,9,1,34401
2015,9,2,10004
2015,9,0,6385
2015,9,1,33112
2015,10,2,6913
2015,10,0,4216
2015,10,1,28217
2015,10,2,6754
2015,10,0,3869
2015,10,1,17593
2015,10,2,9069
2015,11,0,5029
2015,11,1,20336
2015,11,2,7910
2015,11,0,3974
2015,11,1,27525
2015,11,2,6400
2015,11,0,3293
2015,12,1,25227
2015,12,2,7545
2015,12,0,2455
2015,12,1,26496
2015,12,2,5882
2015,12,0,1745
2015,12,1,10072
