2014,1,0,21
2014,1,1,7589
2014,1,2,4088
2014,1,0,472
2014,1,1,3191
2014,1,2,1018
2014,1,0,55
2014,2,1,2215
2014,2,2,1224
2014,2,0,45
2014,2,1,2359
2014,2,2,1436
2014,2,0,226
2014,3,1,6655
2014,3,2,2257
2014,3,0,1203
2014,3,1,12654
2014,3,2,2513
2014,3,0,3379
2014,3,1,13125
2014,4,2,4800
2014,4,0,329
2014,4,1,20349
2014,4,2,5757
2014,4,0,1341
2014,4,1,20024
2014,4,2,4823
2014,4,0,50
2014,5,1,21523
2014,5,2,4697
2014,5,0,2298
2014,5,1,15291
2014,5,2,4835
2014,5,0,8287
2014,5,1,15795
2014,6,2,5126
2014,6,0,6902
2014,6,1,13369
2014,6,2,7793
2014,6,0,7191
2014,6,1,24590
2014,7,2,7435
2014,7,0,2782
2014,7,1,24381
2014,7,2,5099
2014,7,0,3247
2014,7,1,25944
2014,7,2,5954
2014,7,0,3294
2014,8,1,23257
2014,8,2,6381
2014,8,0,2060
2014,8,1,15161
2014,8,2,6156
2014,8,0,3276
2014,8,1,11952
2014,9,2,7716
2014,9,0,5964
2014,9,1,26194
2014,9,2,8080
2014,9,0,6187
2014,9,1,12884
2014,9,2,7374
2014,10,0,3439
2014,10,1,24495
2014,10,2,4642
2014,10,0,1336
2014,10,1,23065
2014,10,2,4673
2014,10,0,1523
2014,11,1,19727
2014,11,2,3933
2014,11,0,1644
2014,11,1,9283
2014,11,2,3362
2014,11,0,931
2014,11,1,5797
2014,12,2,4158
2014,12,0,582
2014,12,1,14099
2014,12,2,3964
2014,12,0,373
2014,12,1,2798
2014,12,2,2005
2015,1,0,642
2015,1,1,8006
2015,1,2,1438
2015,1,0,184
2015,1,1,12986
2015,1,2,2058
2015,1,0,33
2015,2,1,1245
2015,2,2,1349
2015,2,0,93
2015,2,1,2059
2015,2,2,940
2015,2,0,45
2015,2,1,4944
2015,3,2,201
2015,3,0,448
2015,3,1,12366
2015,3,2,2399
2015,3,0,827
2015,3,1,11904
2015,3,2,2629
2015,4,0,932
2015,4,1,13966
2015,4,2,5109
2015,4,0,1757
2015,4,1,18089
2015,4,2,4392
2015,4,0,2951
2015,5,1,21425
2015,5,2,4830
2015,5,0,4188
2015,5,1,15225
2015,5,2,6223
2015,5,0,10106
2015,5,1,16266
2015,6,2,6453
2015,6,0,9074
2015,6,1,23901
2015,6,2,7602
2015,6,0,5756
2015,6,1,27417
2015,6,2,7497
2015,7,0,8566
2015,7,1,24393
2015,7,2,7831
2015,7,0,5331
2015,7,1,26151
2015,7,2,5960
2015,7,0,4202
2015,8,1,25511
2015,8,2,6951
2015,8,0,2738
2015,8,1,15224
2015,8,2,7687
2015,8,0,5013
2015,8,1,17221
2015,9,2,8932
2015,9,0,14376
2015,9,1,31333
2015,9,2,11243
2015,9,0,12258
2015,9,1,35128
2015,9,2,10639
2015,10,0,412
2015,10,1,34942
2015,10,2,9212
2015,10,0,4756
2015,10,1,31725
2015,10,2,6420
2015,10,0,662
2015,11,1,30369
2015,11,2,7626
2015,11,0,840
2015,11,1,16068
2015,11,2,8061
2015,11,0,1464
2015,11,1,9367
2015,12,2,7314
2015,12,0,3703
2015,12,1,28430
2015,12,2,7563
2015,12,0,1400
2015,12,1,13025
2015,12,2,2487
