2014,1,1,4217
2014,1,2,1634
2014,1,0,163
2014,1,1,8068
2014,1,2,2184
2014,1,0,28
2014,1,1,10567
2014,2,2,2949
2014,2,0,85
2014,2,1,3827
2014,2,2,520
2014,2,0,101
2014,2,1,8771
2014,2,2,1983
2014,3,0,439
2014,3,1,10745
2014,3,2,2991
2014,3,0,2634
2014,3,1,15097
2014,3,2,2988
2014,3,0,611
2014,4,1,17454
2014,4,2,2851
2014,4,0,1409
2014,4,1,8309
2014,4,2,3703
2014,4,0,1373
2014,4,1,20918
2014,5,2,5257
2014,5,0,2344
2014,5,1,15689
2014,5,2,3402
2014,5,0,2775
2014,5,1,9575
2014,5,2,6901
2014,6,0,7292
2014,6,1,25806
2014,6,2,6419
2014,6,0,5963
2014,6,1,22708
2014,6,2,7761
2014,6,0,4198
2014,7,1,19085
2014,7,2,6828
2014,7,0,3020
2014,7,1,16970
2014,7,2,6359
2014,7,0,2597
2014,7,1,23316
2014,8,2,5649
2014,8,0,3111
2014,8,1,14755
2014,8,2,6588
2014,8,0,3849
2014,8,1,14675
2014,8,2,6731
2014,8,0,5147
2014,9,1,24416
2014,9,2,7874
2014,9,0,2038
2014,9,1,26616
2014,9,2,7733
2014,9,0,3455
2014,10,1,20948
2014,10,2,6577
2014,10,0,2151
2014,10,1,23451
2014,10,2,4214
2014,10,0,392
2014,10,1,21162
2014,11,2,1101
2014,11,0,1773
2014,11,1,11755
2014,11,2,4216
2014,11,0,119
2014,11,1,9045
2014,11,2,848
2014,11,0,1129
2014,12,1,12314
2014,12,2,1819
2014,12,0,702
2014,12,1,15172
2014,12,2,1629
2014,12,0,1300
2014,12,1,7402
2015,1,2,2471
2015,1,0,46
2015,1,1,10464
2015,1,2,329
2015,1,0,170
2015,1,1,3489
2015,1,2,1029
2015,2,0,9
2015,2,1,5099
2015,2,2,1225
2015,2,0,44
2015,2,1,2465
2015,2,2,1592
2015,3,0,118
2015,3,1,4382
2015,3,2,3743
2015,3,0,148
2015,3,1,12229
2015,3,2,2917
2015,3,0,459
2015,4,1,15453
2015,4,2,4325
2015,4,0,454
2015,4,1,17261
2015,4,2,4483
2015,4,0,1211
2015,4,1,18476
2015,5,2,5016
2015,5,0,3141
2015,5,1,14178
2015,5,2,6602
2015,5,0,3871
2015,5,1,11574
2015,5,2,7382
2015,5,0,4623
2015,6,1,22178
2015,6,2,8125
2015,6,0,8443
2015,6,1,25024
2015,6,2,6532
2015,6,0,4908
2015,7,1,25823
2015,7,2,7069
2015,7,0,3392
2015,7,1,24888
2015,7,2,5735
2015,7,0,4841
2015,7,1,25914
2015,8,2,6416
2015,8,0,5269
2015,8,1,15805
2015,8,2,8116
2015,8,0,5238
2015,8,1,16622
2015,8,2,8930
2015,8,0,9748
2015,9,1,25528
2015,9,2,9331
2015,9,0,8337
2015,9,1,34062
2015,9,2,10444
2015,9,0,7269
2015,9,1,27968
2015,10,2,9549
2015,10,0,4918
2015,10,1,33304
2015,10,2,5245
2015,10,0,4566
2015,10,1,29328
2015,10,2,6840
2015,11,0,5559
2015,11,1,18485
2015,11,2,7925
2015,11,0,2762
2015,11,1,17362
2015,11,2,2550
2015,11,0,2629
2015,12,1,25823
2015,12,2,7451
2015,12,0,5281
2015,12,1,16944
2015,12,2,4411
2015,12,0,5815
2015,12,1,15783
