2014,1,2,1513
2014,1,0,35
2014,1,1,8039
2014,1,2,4324
2014,1,0,478
2014,1,1,4226
2014,1,2,1761
2014,1,0,237
2014,2,1,2321
2014,2,2,1116
2014,2,0,3
2014,2,1,4321
2014,2,2,3080
2014,2,0,121
2014,3,1,6316
2014,3,2,3586
2014,3,0,1378
2014,3,1,6945
2014,3,2,4025
2014,3,0,350
2014,3,1,3366
2014,4,2,5162
2014,4,0,3600
2014,4,1,19986
2014,4,2,3844
2014,4,0,6003
2014,4,1,20762
2014,4,2,3343
2014,5,0,3059
2014,5,1,23651
2014,5,2,6632
2014,5,0,1507
2014,5,1,25124
2014,5,2,4786
2014,5,0,1978
2014,6,1,24101
2014,6,2,6549
2014,6,0,2403
2014,6,1,15943
2014,6,2,7181
2014,6,0,3026
2014,6,1,15919
2014,7,2,5694
2014,7,0,6580
2014,7,1,24186
2014,7,2,7417
2014,7,0,7583
2014,7,1,26138
2014,7,2,7813
2014,8,0,3348
2014,8,1,25512
2014,8,2,6842
2014,8,0,3309
2014,8,1,24938
2014,8,2,5714
2014,8,0,2599
2014,9,1,12821
2014,9,2,5694
2014,9,0,2162
2014,9,1,16601
2014,9,2,7122
2014,9,0,2431
2014,9,1,17366
2014,10,2,7199
2014,10,0,3782
2014,10,1,22284
2014,10,2,6012
2014,10,0,4545
2014,10,1,10644
2014,10,2,6930
2014,10,0,1926
2014,11,1,22642
2014,11,2,5659
2014,11,0,778
2014,11,1,13249
2014,11,2,3554
2014,11,0,57
2014,12,1,14178
2014,12,2,865
2014,12,0,41
2014,12,1,8547
2014,12,2,3211
2014,12,0,417
2014,12,1,6195
2015,1,2,1067
2015,1,0,393
2015,1,1,6680
2015,1,2,2342
2015,1,0,317
2015,1,1,12763
2015,1,2,139
2015,1,0,80
2015,2,1,7457
2015,2,2,798
2015,2,0,112
2015,2,1,4047
2015,2,2,792
2015,2,0,116
2015,3,1,6009
2015,3,2,1117
2015,3,0,317
2015,3,1,6455
2015,3,2,1384
2015,3,0,376
2015,3,1,897
2015,4,2,4647
2015,4,0,2803
2015,4,1,12547
2015,4,2,5603
2015,4,0,7857
2015,4,1,16651
2015,4,2,5970
2015,5,0,2739
2015,5,1,21604
2015,5,2,6314
2015,5,0,9458
2015,5,1,23896
2015,5,2,4241
2015,5,0,3458
2015,6,1,11640
2015,6,2,5223
2015,6,0,3263
2015,6,1,14343
2015,6,2,7339
2015,6,0,4815
2015,6,1,9069
2015,7,2,6905
2015,7,0,9564
2015,7,1,25362
2015,7,2,7037
2015,7,0,8093
2015,7,1,28483
2015,7,2,8220
2015,7,0,5461
2015,8,1,27705
2015,8,2,7785
2015,8,0,5527
2015,8,1,26807
2015,8,2,6486
2015,8,0,5000
2015,8,1,26737
2015,9,2,6003
2015,9,0,4909
2015,9,1,18661
2015,9,2,10557
2015,9,0,5209
2015,9,1,22530
2015,10,2,7175
2015,10,0,5352
2015,10,1,25435
2015,10,2,10840
2015,10,0,6453
2015,10,1,34327
2015,10,2,9645
2015,10,0,4740
2015,11,1,34102
2015,11,2,8956
2015,11,0,1827
2015,11,1,28352
2015,11,2,5461
2015,11,0,1885
2015,11,1,22418
2015,12,2,5858
2015,12,0,1630
2015,12,1,18738
2015,12,2,6172
2015,12,0,1407
2015,12,1,7650
2015,12,2,3957
