-0.5667623	497
-0.42612833	379
-0.39540982	382
-0.34418842	504
-0.3379484	536
-0.33440313	293
-0.32029077	519
-0.3026566	361
-0.29892328	153
-0.29889947	442
-0.29877925	444
-0.29208693	369
-0.28115565	492
-0.26620537	335
-0.26598635	229
-0.26179668	527
-0.25823992	249
-0.24641627	79
-0.24183396	345
-0.23986982	459
-0.23851754	537
-0.23010059	470
-0.20481223	264
-0.20307212	281
-0.20212653	404
-0.19972996	358
-0.19929744	446
-0.1930848	331
-0.19154617	426
-0.19063249	445
-0.18867978	435
-0.18352889	212
-0.18260925	498
-0.1813401	351
-0.17968592	415
-0.17757808	376
-0.17646267	2012
-0.17407784	195
-0.17371406	352
-0.17351288	488
-0.17122701	428
-0.17060705	439
-0.16749968	294
-0.15982184	285
-0.15766984	147
-0.1566326	412
-0.15484966	540
-0.15395015	236
-0.15387395	494
-0.15344512	296
-0.15109362	329
-0.15047777	300
-0.14358334	546
-0.142219	491
-0.1409906	476
-0.13750169	466
-0.13545768	513
-0.13543221	127
-0.13414259	496
-0.13019852	375
-0.12965655	116
-0.12907642	518
-0.1232922	307
-0.11939425	511
-0.11748763	323
-0.1162836	433
-0.11484627	422
-0.11442517	250
-0.11419034	453
-0.11180189	2004
-0.111561194	402
-0.11149737	482
-0.110634	502
-0.11058907	284
-0.10693097	432
-0.10685674	533
-0.10599907	312
-0.10497123	334
-0.10490436	289
-0.104140595	268
-0.103468135	457
-0.103162065	526
-0.10225657	479
-0.10136425	388
-0.09901263	438
-0.09801365	469
-0.097790435	529
-0.09692134	475
-0.096611924	291
-0.09281381	263
-0.09256378	505
-0.09148253	128
-0.089485504	458
-0.08858486	523
-0.08744159	483
-0.08320141	173
-0.08172241	509
-0.08156309	168
-0.07985948	455
-0.079202585	337
-0.07685066	434
-0.07618913	503
-0.07564635	257
-0.07501781	487
-0.07301276	545
-0.070718125	473
-0.07003374	489
-0.06912084	252
-0.069069795	2006
-0.06862491	525
-0.068282805	265
-0.06725585	531
-0.06673768	471
-0.066692874	311
-0.06641128	167
-0.06582073	517
-0.06518708	325
-0.06493069	532
-0.064526804	151
-0.06445431	467
-0.06346925	461
-0.06308336	538
-0.062429935	319
-0.060886696	271
-0.06063139	321
-0.06041298	237
-0.05977962	254
-0.05930214	160
-0.05903891	356
-0.05822155	380
-0.055156156	316
-0.053874053	368
-0.052463274	484
-0.051918995	3002
-0.05187118	441
-0.04814159	350
-0.04763965	324
-0.04762654	416
-0.047237996	340
-0.04528479	259
-0.044375036	164
-0.044348855	405
-0.043815	499
-0.043685507	146
-0.042651724	305
-0.041584525	2021
-0.04124299	403
-0.0408846	521
-0.040739093	238
-0.040494714	373
-0.040494714	2002
-0.040325996	528
-0.039620023	326
-0.0394835	366
-0.039243113	485
-0.03920945	270
-0.03844707	2022
-0.03824897	224
-0.037556145	280
-0.037384376	515
-0.037118725	477
-0.036998272	336
-0.03653404	450
-0.035505924	396
-0.035005465	512
-0.034882188	243
-0.034871325	363
-0.03430508	462
-0.03397865	377
-0.03187375	150
-0.03159457	357
-0.03143461	447
-0.031286683	508
-0.031111393	161
-0.02943738	82
-0.029245395	383
-0.028221399	223
-0.027821137	2010
-0.026623217	339
-0.025579887	308
-0.02505604	414
-0.024472672	495
-0.02443379	295
-0.022766681	327
-0.022458494	411
-0.02146432	395
-0.02146432	275
-0.021311939	394
-0.021166725	393
-0.021138413	362
-0.02085693	174
-0.020234821	302
-0.02008707	267
-0.019934407	346
-0.018815434	297
-0.018014934	401
-0.017216729	474
-0.017050128	239
-0.01585372	468
-0.015848262	472
-0.015098174	217
-0.014914031	233
-0.013677262	2023
-0.013439222	318
-0.012581378	328
-0.012581378	276
-0.012384051	430
-0.012094904	367
-0.012094904	332
-0.011614911	486
-0.011504725	313
-0.011018154	480
-0.011018154	347
-0.010649422	410
-0.010496914	309
-0.009710556	500
-0.009375743	399
-0.008929287	301
-0.008865551	478
-0.0087909335	449
-0.008777109	2017
-0.008260405	2009
-0.008254025	247
-0.008112185	304
-0.0062576532	251
-0.0060876617	490
-0.0060255323	83
-0.005865334	520
-0.0043612244	342
-0.0038020886	225
-0.0029623818	244
-0.0025190695	317
-0.0025190695	314
-0.0018488531	465
-0.0016534079	440
-0.0015737483	266
-0.0015671429	349
-8.6058694E-4	228
-2.7420884E-4	72
-2.1121492E-4	408
-2.1121492E-4	306
-1.9310418E-4	355
-1.48221E-4	279
-1.48221E-4	481
-1.48221E-4	341
-1.48221E-4	454
-1.48221E-4	2008
-1.48221E-4	387
-1.48221E-4	157
-1.48221E-4	384
-1.48221E-4	258
-1.48221E-4	460
-1.48221E-4	320
-1.48221E-4	218
-1.48221E-4	245
-1.48221E-4	290
-1.48221E-4	330
-1.48221E-4	344
-1.48221E-4	420
-1.48221E-4	385
-1.48221E-4	407
-1.48221E-4	437
-1.48221E-4	310
-1.48221E-4	216
-1.48221E-4	360
-1.48221E-4	400
-1.48221E-4	397
-1.48221E-4	359
-1.48221E-4	386
-1.48221E-4	322
-1.48221E-4	390
-1.48221E-4	507
-1.48221E-4	278
