153	0.37931497538370074:  435 438 294 285
167	0.07856562966671718:  469
2004	0.13391117625655863:  376
2009	0.019681710733635678:  265 438 504
2022	0.09089360685138889:  518
216	1.48221E-4:  143 2000
225	0.01139970867388889:  515
239	0.04120957612416666:  313
243	0.0364727017625:  471
252	0.08806466308299604:  352 466 127 435
257	0.22647989174578753:  497 502 329
261	0.072312993925
266	0.03388588564166667:  504 251
270	0.047210058219841276:  243 239 392 274
275	0.04996243917222223:  271 372 241
284	0.1815491741700121:  302 445 369 238 504 439
289	0.21702420885:  366 467
293	0.3901089446988124:  496 268 445 2002 504 439 471 373
298	1.2598785E-4
301	0.03604821510111112:  233 266 511 2000 229 151
306	2.11214925E-4:  355 403 291 351
310	1.48221E-4:  301
324	0.07408776845555556:  321
329	0.21494344728484127:  426
342	0.006366839104619454:  264 531 356 301 2004
347	0.013004118885353536:  151 383
351	0.37044860855571426:  303
356	0.087096541251678:  411 501 296
360	1.48221E-4:  525
365	0.108437993925
379	0.7732954267947901:  540 343 442 345 519
383	0.051211611371654045:  463 301 521 435 294
388	0.15561475127435775:  442 519 494
392	0.07271745788659952
397	1.48221E-4:  233 2010
400	1.48221E-4:  534 536 394 471
405	0.06087016749009311:  168 356 401 127 116
414	0.036336214925:  233 538
428	0.2141050656174507:  433 358 325 319 308 151 284
432	0.18407868581299602:  352 497 531 335 536 229 491 293 161 394 361
437	1.48221E-4:  432
441	0.06619567119246031:  516 173
446	0.23978219913985993:  442 388 212 368 402
450	0.048907855479535155:  497 477 318
455	0.07847451058522298:  433
469	0.2018134270222222:  153
473	0.15054616018594577:  2004
478	0.015010944038114666:  352 212 465 525 505 2021 490
482	0.15028682839208596:  375 496 212 346 446 347 402 280 480 519 494
487	0.16770517488101663:  474 402 459 2000 151
491	0.18695329681389394:  168 300 325 402 428 293 361
496	0.16268428491377937:  504
504	0.5171571797825504:  2012 293 496 497 475 453 487 356 345 445 236 335 545 537
509	0.10247673324123016:  254 487 346 434 116 403 447 526 151
513	0.32321999055929485:  257 469 382
518	0.17170855874396826:  484 485 2022 281
527	0.3304532837483186:  498 466 433 546 491 493
531	0.11357067577302069:  264 257 502 470 461
536	0.37553440980436875:  352 167 511 546 2012
540	0.1934578355794246:  495 168 476 345 447 503 491 153
545	0.1555641172396542:  223 536 2012
