147	0.2695483693805013:  79
151	0.13660029907882806:  410 257 357 128 229 438 293
160	0.07506053922032228:  352 430 305 537 505 528
174	0.06376582939678022:  475 446 527 285
2002	0.05800045938023989:  532
223	0.03172791536269841:  382
228	0.02048428198125:  168 349
237	0.07680236663157407:  312 345 335 537 382 394 284
241	0.016097551505555554
250	0.11478284050462964:  300 229 293
264	0.20860803512044732:  415 195
278	1.48221E-4:  293
282	1.2598785E-4
291	0.12209856295535716:  412 259 296
296	0.2335000633714947:  331 326 537 428 271
304	0.007467711887499999:  224
309	0.060381751903333315:  224 334
313	0.13754920885000002:  217 391
318	0.031154502664285717:  495 477 513 450
322	1.48221E-4:  233
327	0.0364727017625:  146 435 316 2010 152
331	0.2532230596186532:  361
336	0.020242863014444445:  312
340	0.05711244697953584:  463 458
345	0.2649707291185497:  323 128 504 293
354	0.23280194670425924
359	1.48221E-4:  236
363	0.03774341857:  304 327 351 263
368	0.07562975665084415:  379 150
372	0.016097551505555554
377	0.053882643496428566:  368 459
386	1.48221E-4:  229 340
390	1.48221E-4:  294
395	0.04996243917222223:  527 271
403	0.07242837129265874:  487 2012
408	2.11214925E-4:  394
412	0.18194620963524943:  354 351
417	0.0786835275325397
426	0.21784008212807693:  363 427 329 470 350
430	0.008196996752777777:  399
435	0.37968055947755164:  540 446 537 505 2021 383 252 483
444	0.2989075421833334:  497 489 517 519
449	0.030027470685950856:  453 388 168 477 479 228 294 493
453	0.21283518601450072:  466 446 470 509
458	0.15823172541771063:  470
462	0.07400688275900755:  463 521 335 303 404 503 284
467	0.108712202775:  289
471	0.2869496108594065:  379
476	0.17097346173760725:  442 379 527
480	0.013004118885353536:  499 478
485	0.09730106089798753:  294
494	0.17069307147876778:  477 268 521 466 457 479 504
499	0.06553305086692267:  435 513 3002
502	0.16935552714526028:  352 531 345 369 127 504 229 263 340
507	1.48221E-4:  354 510 466 379 335 519
511	0.20683644787646588:  475 300 476 335 536 504 439 285 461
516	0.06027132725833333
520	0.015231801295833333:  441 151
525	0.1805162870116649:  422
534	3.14969625E-5
539	6.2993925E-5
82	0.06606419027277778:  305
