127	0.09221548983484025:  375 426 537 195 164
168	0.12471487767613879:  442 357 457 2012
195	0.2789645823041881:  147 337
2000	0.07321066659123016
2023	0.0092109679625:  167 345
212	0.2266030189098307:  335 512 446 405 382 508
217	0.072461214925:  467 414
244	0.010532643496428573:  497
249	0.18972976440555556:  412 127 523
258	1.48221E-4:  243
267	0.048550578736111114:  484
271	0.10544229733388889:  275 324 395
276	0.04448675190333334:  327
280	0.06859865958670273:  435 128
285	0.2676344066359325:  254 212 300 268 335 511 237 358 537 293 174 296
294	0.29110904686748934:  369
302	0.0414931607739418:  412 229 307 151 295 361 263
307	0.18012609250297862:  311 432 268 312 356 389
311	0.2560219249972222:  300 323 502 307
316	0.08780318879127225:  195
320	1.48221E-4:  280 383
325	0.0769888626290752:  497 116 238
334	0.1244833130434127:  496 497 267 345 537 2021 518 519 472
339	0.055679767776349205:  307 263
343	0.09856043566523809
348	0.0528141358513889
352	0.30431415897119:  501 160 153
357	0.10016402858506236:  382
361	0.31573284406642016:  265 331 316 307 428 491
366	0.072461214925:  243 323 324
375	0.26878015657728493:  428 380 293
384	1.48221E-4:  399 467
389	0.042396196387698405
393	0.08782584891488097:  311 500 545
401	0.05839515869654763:  297 2009 431 432 455 128 491 150 361
406	0.1566046605916667
410	0.036569734003514744:  453 401 314 317 150 251
415	0.2771394347628685:  264 439
433	0.156908117220805:  476 466 479 416 2010 483
438	0.18084062356008884:  511 403 284
442	0.36341045856436266:  444
447	0.03282972871983364:  497 499 479 457 449 527 529 494
460	1.48221E-4:  412
465	0.012075559923626375:  495 540 474 529
474	0.035687693310277775:  442 350
479	0.1649022515837052:  434 505 529 470
483	0.17881986344177608:  445
488	0.32667394793823545:  463 212 336 3002 319
492	0.19495302997216796:  455 446 527 538 519 509 153
497	0.7253523972702912:  488 379 281
500	0.012231883616666666:  505
505	0.15410342214475733:  352 332 367 525 448 537 391
514	0.06317893364023809
519	0.3103784065660017:  497 379 2004 402 503 536 526 528 153 340
523	0.048356883616666665:  525 519 362
528	0.039025233762922086:  268 511 518 285 153
532	0.13493953433488098:  497 453 224 392
537	0.36774782700261543:  498 335 527
546	0.16049848500582253:  498 329
