116	0.15578103643510186:  462 476 533 137 435 358 382 482 461
143	1.88981775E-4
152	0.07151441574222221
157	1.48221E-4:  143
161	0.06019088107511725:  300 335 382
2008	1.48221E-4:  224 327 427
2012	0.3014801956985936:  331 379
2017	0.03922282333190476:  453 236
2021	0.08375322372154305:  334
224	0.1756169456875:  300 312 329 309 351
229	0.33794200955019765:  459 404
233	0.07026286134166666:  353 406
238	0.061317894819179895:  212 247 518 293 164
247	0.014623418570000001:  462 312 346 526
251	0.03018955332714286:  488 401 128 263
265	0.09144943153726243:  432 377
274	0.018543611600765307
279	1.48221E-4:  412 408
297	0.052984176310854295:  354 487 432 510 379 461
300	0.22136331921932656:  473 375 463 432 325 503 161 285
3002	0.10226082050290598:  146 404 152
305	0.12458806186111113:  2006
314	0.003609695165476191:  449
319	0.054862221822947844:  264
323	0.1395347224612812:  531 369 270
328	0.04448675190333334:  146
332	0.03493960361802721:  537 307
337	0.18980838758631727:  351
341	1.48221E-4:  295
346	0.029793265291504327:  168 116 382
350	0.070318912495:  331 482 285
355	0.0182422179625:  257 236
364	0.02892519757
369	0.5951433717546704:  533 250 382
373	0.05800045938023989:  396
382	0.6062387968602306:  375 79 453 388 147 358 404 537 492
387	1.48221E-4:  264 195
391	0.10710437654302721
396	0.01833670885:  364 354 530 532 239
404	0.28445388915201475:  497 417
422	0.3750414032126984:  479 457 173
427	0.03763719352
431	0.013189029612037037
440	0.014623418570000001:  477 529
445	0.26481810584979604:  335 116 358 293 252
454	1.48221E-4:  527 528
459	0.3720342380256421:  536 229
463	0.1669845613705625
468	0.06642988260416667:  520 305 362 450
472	0.027456664094444447:  476 466 519 461
477	0.12097035077711941:  352 2017 510 514 536
481	1.48221E-4:  282
486	0.0453359679625:  458
490	0.033169474565293046:  462 485 457 512 525 508 284
495	0.03236240382113095:  267 468 524 490 529 493
503	0.08706705975018225:  518
508	0.04137413574406136:  499
512	0.04960568303899421:  463 342 475 212 388 488 521 489 494
517	0.0363047179625:  297 2023 2000 461
521	0.1274035735285901:  392 294 382 462 463 499 478 2004 512 127 447 458 529
526	0.2284535983412951:  475 345 348 527
530	0.02892519757
79	0.36703660477153305:  249
83	0.006555675046598639:  244 82
