128	0.19287649689841618:  462 265 475 321 229 405 439
137	0.05670685032366293
146	0.10068862459222222:  276 79 257 328 284
150	0.06737372477751323:  254 265 321 466 225 426 293 174 461 340
164	0.061173540037591914:  435 250
173	0.12468376643055556:  513
2006	0.24110754218333333:  459 296
2010	0.07755344221603175:  382
218	1.48221E-4:  298 312
236	0.20070946089302727:  473 545 525 504
245	1.48221E-4:  239 306
254	0.09661226742732804:  473 432 312 2004 494 483
259	0.06039855028333334:  296
263	0.15242101777010583:  376 339 280 307 82
268	0.1871910976435961:  291
281	0.3798608853891715:  492
290	1.48221E-4:  461
295	0.09141031121964287:  311
303	0.33298422246523635
308	0.034767579808503396:  147
312	0.15812326982866398:  375 532 393 295
317	0.003609695165476191:  428 284
321	0.13376251564985261:  497 501
326	0.06519841857:  294 382
330	1.48221E-4:  304 417
335	0.3303288229248522:  212 476 382 361
344	1.48221E-4:  298 539
349	0.009242464925:  440 531 401 251 509
353	0.1566046605916667
358	0.24788584141070222:  335 116 435 380 529 491 293 284 164
362	0.031329352801388884:  497
367	0.03493960361802721:  492
376	0.2788544735750672:  264 415 263
380	0.0640968703218214:  496 358
385	1.48221E-4:  495 479 525 305
394	0.1121871236071609:  297 521 411 137 445 337 174
399	0.024420536108333335:  365 513
402	0.12935339751042568:  434 546 482
407	1.48221E-4:  72
411	0.061572310246237896:  432 285 263
416	0.05330980794223356:  2009 323 379 335 412 83 274
420	1.48221E-4:  431 274
434	0.08638315123493867:  168 116 428
439	0.21431952831546286:  455 502 415 416 504 293 450
448	0.034791382618027215
457	0.18297774588040305:  441 422 446
461	0.10838654270546497:  487 412 2012 438 285
466	0.21061977147650435:  254 442 527 494
470	0.4072648683528955:  334 237 458 459 482
475	0.14772285572003896:  236
484	0.13115848359027776:  526
489	0.04252333606711945:  494
493	0.10610325534394842
498	0.20482007525211643:  536 261
501	0.19554865730167148
510	0.051253833731640205
515	0.10433489918856839:  540 486 468 519
524	0.02109391464166667
529	0.2076372753835733:  352 515 294 483
533	0.10385174646419754:  497
538	0.0799335782686508:  529
72	2.7420885000000003E-4:  375 212 379 511 459 514
