116	0.2:462 476 533 137 435 358 382 482 461
157	0.2:143
161	0.2:300 335 382
2008	0.2:224 327 427
2012	0.2:331 379
2017	0.2:453 236
2021	0.2:334
224	0.2:300 312 329 309 351
229	0.2:459 404
233	0.2:353 406
238	0.2:212 247 518 293 164
247	0.2:462 312 346 526
251	0.2:488 401 128 263
265	0.2:432 377
279	0.2:412 408
297	0.2:354 487 432 510 379 461
300	0.2:473 375 463 432 325 503 161 285
3002	0.2:146 404 152
305	0.2:2006
314	0.2:449
319	0.2:264
323	0.2:531 369 270
328	0.2:146
332	0.2:537 307
337	0.2:351
341	0.2:295
346	0.2:168 116 382
350	0.2:331 482 285
355	0.2:257 236
369	0.2:533 250 382
373	0.2:396
382	0.2:375 79 453 388 147 358 404 537 492
387	0.2:264 195
396	0.2:364 354 530 532 239
404	0.2:497 417
422	0.2:479 457 173
440	0.2:477 529
445	0.2:335 116 358 293 252
454	0.2:527 528
459	0.2:536 229
468	0.2:520 305 362 450
472	0.2:476 466 519 461
477	0.2:352 2017 510 514 536
481	0.2:282
486	0.2:458
490	0.2:462 485 457 512 525 508 284
495	0.2:267 468 524 490 529 493
503	0.2:518
508	0.2:499
512	0.2:463 342 475 212 388 488 521 489 494
517	0.2:297 2023 2000 461
521	0.2:392 294 382 462 463 499 478 2004 512 127 447 458 529
526	0.2:475 345 348 527
79	0.2:249
83	0.2:244 82
