128	0.2:462 265 475 321 229 405 439
146	0.2:276 79 257 328 284
150	0.2:254 265 321 466 225 426 293 174 461 340
164	0.2:435 250
173	0.2:513
2006	0.2:459 296
2010	0.2:382
218	0.2:298 312
236	0.2:473 545 525 504
245	0.2:239 306
254	0.2:473 432 312 2004 494 483
259	0.2:296
263	0.2:376 339 280 307 82
268	0.2:291
281	0.2:492
290	0.2:461
295	0.2:311
308	0.2:147
312	0.2:375 532 393 295
317	0.2:428 284
321	0.2:497 501
326	0.2:294 382
330	0.2:304 417
335	0.2:212 476 382 361
344	0.2:298 539
349	0.2:440 531 401 251 509
358	0.2:335 116 435 380 529 491 293 284 164
362	0.2:497
367	0.2:492
376	0.2:264 415 263
380	0.2:496 358
385	0.2:495 479 525 305
394	0.2:297 521 411 137 445 337 174
399	0.2:365 513
402	0.2:434 546 482
407	0.2:72
411	0.2:432 285 263
416	0.2:2009 323 379 335 412 83 274
420	0.2:431 274
434	0.2:168 116 428
439	0.2:455 502 415 416 504 293 450
457	0.2:441 422 446
461	0.2:487 412 2012 438 285
466	0.2:254 442 527 494
470	0.2:334 237 458 459 482
475	0.2:236
484	0.2:526
489	0.2:494
498	0.2:536 261
515	0.2:540 486 468 519
529	0.2:352 515 294 483
533	0.2:497
538	0.2:529
72	0.2:375 212 379 511 459 514
