153	0.2:435 438 294 285
167	0.2:469
2004	0.2:376
2009	0.2:265 438 504
2022	0.2:518
216	0.2:143 2000
225	0.2:515
239	0.2:313
243	0.2:471
252	0.2:352 466 127 435
257	0.2:497 502 329
266	0.2:504 251
270	0.2:243 239 392 274
275	0.2:271 372 241
284	0.2:302 445 369 238 504 439
289	0.2:366 467
293	0.2:496 268 445 2002 504 439 471 373
301	0.2:233 266 511 2000 229 151
306	0.2:355 403 291 351
310	0.2:301
324	0.2:321
329	0.2:426
342	0.2:264 531 356 301 2004
347	0.2:151 383
351	0.2:303
356	0.2:411 501 296
360	0.2:525
379	0.2:540 343 442 345 519
383	0.2:463 301 521 435 294
388	0.2:442 519 494
397	0.2:233 2010
400	0.2:534 536 394 471
405	0.2:168 356 401 127 116
414	0.2:233 538
428	0.2:433 358 325 319 308 151 284
432	0.2:352 497 531 335 536 229 491 293 161 394 361
437	0.2:432
441	0.2:516 173
446	0.2:442 388 212 368 402
450	0.2:497 477 318
455	0.2:433
469	0.2:153
473	0.2:2004
478	0.2:352 212 465 525 505 2021 490
482	0.2:375 496 212 346 446 347 402 280 480 519 494
487	0.2:474 402 459 2000 151
491	0.2:168 300 325 402 428 293 361
496	0.2:504
504	0.2:2012 293 496 497 475 453 487 356 345 445 236 335 545 537
509	0.2:254 487 346 434 116 403 447 526 151
513	0.2:257 469 382
518	0.2:484 485 2022 281
527	0.2:498 466 433 546 491 493
531	0.2:264 257 502 470 461
536	0.2:352 167 511 546 2012
540	0.2:495 168 476 345 447 503 491 153
545	0.2:223 536 2012
