127	0.2:375 426 537 195 164
168	0.2:442 357 457 2012
195	0.2:147 337
2023	0.2:167 345
212	0.2:335 512 446 405 382 508
217	0.2:467 414
244	0.2:497
249	0.2:412 127 523
258	0.2:243
267	0.2:484
271	0.2:275 324 395
276	0.2:327
280	0.2:435 128
285	0.2:254 212 300 268 335 511 237 358 537 293 174 296
294	0.2:369
302	0.2:412 229 307 151 295 361 263
307	0.2:311 432 268 312 356 389
311	0.2:300 323 502 307
316	0.2:195
320	0.2:280 383
325	0.2:497 116 238
334	0.2:496 497 267 345 537 2021 518 519 472
339	0.2:307 263
352	0.2:501 160 153
357	0.2:382
361	0.2:265 331 316 307 428 491
366	0.2:243 323 324
375	0.2:428 380 293
384	0.2:399 467
393	0.2:311 500 545
401	0.2:297 2009 431 432 455 128 491 150 361
410	0.2:453 401 314 317 150 251
415	0.2:264 439
433	0.2:476 466 479 416 2010 483
438	0.2:511 403 284
442	0.2:444
447	0.2:497 499 479 457 449 527 529 494
460	0.2:412
465	0.2:495 540 474 529
474	0.2:442 350
479	0.2:434 505 529 470
483	0.2:445
488	0.2:463 212 336 3002 319
492	0.2:455 446 527 538 519 509 153
497	0.2:488 379 281
500	0.2:505
505	0.2:352 332 367 525 448 537 391
519	0.2:497 379 2004 402 503 536 526 528 153 340
523	0.2:525 519 362
528	0.2:268 511 518 285 153
532	0.2:497 453 224 392
537	0.2:498 335 527
546	0.2:498 329
