147	0.2:79
151	0.2:410 257 357 128 229 438 293
160	0.2:352 430 305 537 505 528
174	0.2:475 446 527 285
2002	0.2:532
223	0.2:382
228	0.2:168 349
237	0.2:312 345 335 537 382 394 284
250	0.2:300 229 293
264	0.2:415 195
278	0.2:293
291	0.2:412 259 296
296	0.2:331 326 537 428 271
304	0.2:224
309	0.2:224 334
313	0.2:217 391
318	0.2:495 477 513 450
322	0.2:233
327	0.2:146 435 316 2010 152
331	0.2:361
336	0.2:312
340	0.2:463 458
345	0.2:323 128 504 293
359	0.2:236
363	0.2:304 327 351 263
368	0.2:379 150
377	0.2:368 459
386	0.2:229 340
390	0.2:294
395	0.2:527 271
403	0.2:487 2012
408	0.2:394
412	0.2:354 351
426	0.2:363 427 329 470 350
430	0.2:399
435	0.2:540 446 537 505 2021 383 252 483
444	0.2:497 489 517 519
449	0.2:453 388 168 477 479 228 294 493
453	0.2:466 446 470 509
458	0.2:470
462	0.2:463 521 335 303 404 503 284
467	0.2:289
471	0.2:379
476	0.2:442 379 527
480	0.2:499 478
485	0.2:294
494	0.2:477 268 521 466 457 479 504
499	0.2:435 513 3002
502	0.2:352 531 345 369 127 504 229 263 340
507	0.2:354 510 466 379 335 519
511	0.2:475 300 476 335 536 504 439 285 461
520	0.2:441 151
525	0.2:422
82	0.2:305
